600 750
129 564
371 21
75 17
130 267
108 358
213 45
93 344
509 202
177 290
18 281
500 288
496 339
393 11
365 443
11 541
34 420
343 237
75 473
144 205
502 221
67 322
400 241
108 36
378 489
176 527
293 357
261 552
225 512
575 76
580 175
444 598
273 8
562 463
172 567
135 451
165 447
393 577
523 271
80 43
532 274
201 40
18 564
164 22
360 186
520 291
357 337
469 302
160 441
490 394
237 187
368 515
94 305
487 219
520 383
402 414
66 238
473 454
473 2
150 207
108 210
371 599
589 198
351 417
559 53
291 86
83 476
210 100
552 107
576 526
355 230
165 580
125 224
225 244
100 547
50 105
451 583
283 235
462 455
408 311
169 297
151 513
32 136
305 479
287 16
66 87
299 9
100 52
256 112
203 309
205 2
157 215
61 403
48 204
87 519
496 244
358 320
521 307
213 215
402 410
434 234
322 411
543 232
264 255
45 12
558 258
132 263
206 153
230 482
176 99
502 480
561 78
532 244
264 36
384 180
566 142
491 103
284 535
299 431
353 92
78 171
531 553
505 546
16 174
290 392
171 39
526 377
51 391
502 186
469 332
140 196
220 314
204 319
484 324
219 25
302 147
146 460
293 522
365 19
107 412
494 424
291 72
226 501
590 71
524 162
111 188
129 375
492 214
186 44
396 555
51 147
244 56
250 382
386 163
302 337
545 379
100 95
285 406
491 28
209 148
472 98
527 555
384 547
480 546
187 440
547 467
71 1
224 534
59 270
403 85
389 246
22 573
550 277
427 114
420 323
44 336
72 139
108 185
418 266
118 231
337 289
420 466
187 63
225 134
149 587
2 79
336 179
135 414
349 91
542 58
176 187
150 333
351 71
93 370
550 428
134 276
353 87
505 44
271 64
64 364
307 154
542 360
176 370
162 382
107 233
167 257
93 3
264 496
256 260
547 419
146 25
546 482
355 143
148 107
356 538
444 338
246 242
32 349
523 119
333 233
276 229
256 463
394 450
472 483
344 326
490 247
303 536
59 77
45 25
360 128
487 348
529 413
521 373
416 193
144 557
450 594
526 96
186 174
552 152
383 29
364 369
164 84
462 479
496 559
90 495
225 417
129 246
396 423
559 451
309 98
193 553
322 147
24 437
515 540
238 243
390 325
67 375
256 252
162 564
437 369
135 191
597 510
424 27
535 369
318 292
113 362
468 47
241 159
400 148
129 549
325 45
434 277
585 593
45 14
263 163
455 97
91 233
79 102
36 377
410 63
285 138
75 127
169 102
135 262
417 107
446 367
132 85
241 513
466 518
136 14
490 503
75 577
467 295
11 147
146 188
313 272
216 249
59 329
39 182
299 488
566 415
176 461
260 564
170 265
299 584
332 528
353 241
562 7
75 439
220 419
43 131
75 451
289 448
290 377
553 141
103 533
348 387
562 442
445 361
593 312
223 595
244 435
241 182
451 85
382 316
216 208
535 174
75 279
321 300
125 248
250 224
17 493
134 116
203 391
62 268
19 274
500 315
562 291
398 385
370 352
193 235
137 280
107 327
595 568
444 146
279 397
171 422
496 282
427 282
357 12
357 200
571 388
418 39
437 2
408 161
125 136
203 587
140 350
492 107
65 49
320 179
367 415
576 427
470 306
356 294
287 393
114 173
185 215
519 456
532 529
532 393
544 82
373 28
471 212
325 310
152 519
206 352
303 229
273 302
8 504
305 87
577 541
11 173
339 139
277 308
368 311
546 35
471 450
214 374
108 495
132 561
282 320
318 408
58 12
513 54
300 326
249 493
386 595
384 375
146 351
272 122
311 342
125 332
423 171
31 506
53 14
318 591
296 42
463 388
492 416
515 39
90 539
357 336
542 253
260 546
172 551
62 224
303 176
410 405
25 395
527 319
442 9
174 304
543 442
490 369
305 452
331 363
414 21
484 73
415 10
289 419
496 66
543 561
177 11
176 335
410 567
142 199
99 8
531 537
264 317
94 12
360 547
288 14
575 11
415 79
362 278
134 98
129 527
348 459
14 336
18 33
40 143
279 278
91 560
553 458
114 454
211 578
359 477
584 26
584 556
445 242
420 153
531 168
129 114
132 342
327 404
70 124
205 218
526 591
578 426
327 89
423 465
427 138
176 426
544 255
264 311
447 259
166 429
124 289
235 433
559 107
29 312
142 436
289 592
597 569
87 300
75 40
385 533
542 131
592 298
207 433
526 190
436 497
361 320
270 528
561 387
344 56
144 570
70 433
212 1
93 475
18 305
470 455
268 574
429 110
209 87
125 264
99 184
589 85
427 411
303 327
196 29
442 536
324 271
521 157
159 453
170 297
244 30
193 454
560 548
2 304
67 510
257 258
207 397
477 74
542 334
247 454
580 408
103 450
595 101
249 392
355 344
294 536
312 354
96 239
62 238
230 239
297 133
67 345
226 277
592 217
400 227
512 171
423 438
100 228
48 557
416 188
24 19
83 13
204 458
160 145
343 199
450 301
132 292
272 171
262 278
299 19
398 441
40 298
530 499
30 511
441 236
424 568
393 184
383 417
400 84
428 217
268 159
33 306
300 348
30 60
439 453
390 61
264 290
137 37
105 27
570 316
70 506
446 447
588 563
394 581
145 336
248 430
515 425
358 342
290 39
411 63
520 277
161 504
476 200
30 419
529 101
87 395
418 226
480 228
118 23
351 207
434 378
238 391
255 133
417 47
567 304
83 585
415 288
131 178
559 567
50 7
108 161
148 366
472 237
49 493
235 107
136 20
272 55
213 118
389 403
522 254
292 498
66 406
49 297
587 254
138 139
562 133
29 156
415 295
371 477
317 348
353 477
598 277
91 302
225 485
241 87
97 179
564 429
157 337
558 358
561 325
206 583
355 272
214 412
26 69
131 259
142 407
305 600
308 117
58 367
265 101
108 282
582 189
13 322
394 380
18 535
470 236
595 312
321 132
600 64
484 510
542 177
329 11
362 218
393 358
485 210
294 407
12 308
170 142
36 387
522 437
428 218
343 119
168 224
438 38
130 57
237 269
563 240
490 459
75 284
237 497
358 504
146 39
8 448
444 595
33 553
45 278
580 464
24 131
429 30
121 449
25 242
177 285
499 431
325 594
108 119
141 15
98 464
494 430
493 583
160 483
27 478
484 300
587 120
358 57
386 27
445 424
302 361
431 30
478 158
523 281
421 372
213 53
19 508
395 497
307 9
570 200
48 393
62 130
303 579
274 337
125 578
309 578
569 88
531 110
91 221
287 531
146 197
121 599
272 594
489 377
244 255
42 100
434 348
398 499
42 265
197 218
357 377
198 567
489 455
575 265
349 354
549 334
477 81
94 144
543 300
249 342
216 246
264 517
561 131
442 178
241 324
355 512
225 509
549 270
80 30 80 10 90 70 60 60 100 40 90 80 10 10 40 100 20 100 40 20 20 40 80 90 100 10 20 60 30 10 90 60 30 30 50 60 40 40 50 10 90 70 50 50 80 60 70 10 40 20 90 70 100 80 90 10 90 90 10 20 50 40 10 70 70 50 70 60 60 20 20 50 10 50 50 70 100 70 50 40 10 30 50 80 60 30 70 50 40 20 20 40 10 40 10 40 60 90 80 50 80 10 30 40 50 70 60 100 30 10 20 60 50 50 60 60 30 40 80 60 10 50 20 50 10 40 50 40 100 60 100 30 40 90 20 80 90 90 80 30 100 50 60 50 10 90 20 70 70 30 30 60 100 90 10 70 100 80 100 70 80 90 80 10 40 40 90 10 50 100 30 40 30 10 20 40 30 50 50 70 40 10 10 10 30 30 80 60 90 100 10 80 100 50 80 10 20 70 80 30 50 40 90 70 100 100 70 30 50 20 100 60 100 30 60 40 90 20 40 100 40 80 70 90 20 30 40 50 30 90 10 10 60 80 80 40 40 80 20 40 10 80 60 100 80 20 70 100 20 20 20 70 90 90 80 20 70 50 90 10 100 10 40 20 30 30 100 90 50 70 40 30 60 20 10 10 10 30 30 90 20 20 20 70 70 50 60 90 50 10 20 30 100 30 50 20 60 70 10 60 60 80 70 80 80 90 100 30 10 50 60 100 80 10 20 20 20 100 80 60 60 40 90 40 20 20 100 80 70 30 10 70 90 20 30 50 10 40 60 100 100 90 100 30 30 20 70 60 100 100 10 90 10 40 40 90 80 70 60 80 80 10 80 70 80 30 10 60 90 40 30 80 100 70 100 20 30 40 20 40 70 40 100 50 100 80 40 40 60 30 80 80 100 40 70 100 20 30 20 100 20 10 80 40 20 60 90 90 80 100 30 20 40 40 50 40 60 70 60 60 90 10 90 40 90 80 90 60 90 70 90 10 50 60 70 80 20 30 60 20 100 30 70 70 40 20 70 90 10 40 10 90 60 90 70 40 50 40 70 10 80 50 60 20 30 30 10 80 20 70 60 70 50 60 50 100 70 40 30 90 50 100 40 90 70 60 60 100 50 50 50 90 50 20 50 40 50 20 50 60 80 10 90 20 30 50 50 30 30 10 70 100 30 70 70 20 60 20 30 50 80 40 50 60 40 30 60 50 90 20 30 100 20 40 50 20 100 50 60 60 60 70 60 100 50 100 40 20 40 30 10 10 20 100 40 20 100 30 50 30 30 40 20 100 90 70 50 10 100 80 10 60 50 10 60 30 60 30 60 50 50 40 40 30 90 30 90 50 70 50 60 50 40 50 10 60 40 30 100 10 
300
60 20 60 60 0 0 20 60 40 60 0 40 20 80 20 80 60 80 60 0 60 80 20 20 20 20 20 80 20 40 0 80 60 40 40 80 60 60 40 60 20 80 80 60 20 40 40 40 80 60 60 0 40 80 0 80 40 60 80 20 60 60 60 40 80 0 80 60 60 0 0 80 60 80 0 0 80 60 20 60 20 60 40 20 60 60 0 60 80 60 0 20 60 40 40 40 0 60 60 20 80 60 40 60 80 40 80 80 20 20 0 20 80 60 20 40 20 80 60 40 60 20 80 0 80 20 60 80 60 80 80 0 20 80 40 0 60 0 0 80 0 80 20 20 60 60 80 40 80 80 60 60 0 40 20 40 20 60 80 40 20 40 80 80 80 60 20 40 0 40 20 80 60 40 80 40 60 20 0 0 20 80 80 80 0 80 80 20 20 20 40 60 20 40 80 80 60 0 0 20 0 80 60 40 0 60 20 20 0 20 0 60 40 40 0 40 0 40 0 40 40 40 20 40 80 20 0 80 40 80 20 20 40 60 60 60 80 80 80 40 40 80 60 20 20 0 0 20 40 40 80 20 0 40 0 0 20 0 60 40 40 60 60 80 20 20 80 20 0 80 60 80 40 0 40 20 20 0 20 0 40 20 60 40 60 80 0 80 0 0 80 40 40 0 80 20 0 60 20 20 
3543
1 2 60
1 103 120
1 187 70
1 188 110
1 255 190
1 288 80
2 85 80
2 125 70
2 186 170
2 266 120
2 299 140
3 123 20
3 151 200
3 180 140
3 189 60
3 224 80
3 235 190
3 253 40
3 285 140
4 10 40
4 65 150
4 105 150
4 150 60
4 175 70
4 177 140
4 182 110
4 237 200
4 262 130
4 267 10
4 270 120
4 285 100
4 294 110
5 16 40
5 46 160
5 52 170
5 180 40
5 208 20
5 209 70
5 286 130
6 9 190
6 90 110
6 192 170
6 250 50
6 295 190
7 15 180
7 26 140
7 35 90
7 61 130
7 116 50
7 135 30
7 140 20
7 229 20
7 238 160
8 22 40
8 166 50
8 190 70
9 67 120
9 99 200
9 204 70
9 265 140
9 297 130
10 18 200
10 78 130
10 81 190
10 110 70
10 156 100
10 257 200
10 264 20
10 281 120
10 294 30
11 33 120
11 64 140
11 68 110
11 157 190
11 166 110
11 202 70
11 228 120
12 11 80
12 34 190
12 48 20
12 56 150
12 85 70
12 106 130
12 131 140
12 137 30
12 163 130
12 177 200
12 233 170
12 254 140
12 266 170
13 84 190
13 110 60
13 155 170
13 189 90
13 237 20
13 239 200
14 29 190
14 168 60
14 228 90
14 262 190
15 9 160
15 24 180
15 32 150
15 60 160
15 224 100
15 228 150
15 240 100
15 259 110
16 48 60
16 62 40
16 90 140
16 119 10
16 150 150
16 181 100
17 73 30
17 120 130
17 250 110
18 44 90
18 89 160
18 201 110
18 212 90
19 92 190
19 164 180
19 198 30
19 253 120
20 41 50
21 21 10
21 138 90
21 181 30
21 193 100
22 10 140
22 26 100
22 136 110
23 25 200
23 51 200
23 220 90
24 114 40
24 180 10
24 195 30
24 198 20
25 18 60
25 55 90
25 67 100
25 101 100
25 203 10
25 211 190
25 222 70
25 257 80
25 260 40
25 270 190
25 276 150
25 291 160
25 300 160
26 11 160
26 36 170
26 46 100
26 122 190
26 155 20
26 182 180
26 229 60
26 259 140
26 281 40
26 289 50
26 295 170
27 62 40
27 77 100
27 107 60
27 177 20
27 188 130
27 235 160
28 46 120
28 165 120
28 202 80
28 203 160
28 279 80
29 1 150
29 72 40
29 209 110
29 222 100
29 239 60
30 70 180
30 76 30
30 92 190
30 164 150
30 219 200
30 254 10
30 264 160
30 274 100
31 83 60
31 101 150
31 152 170
31 163 60
31 168 120
31 188 170
31 205 180
32 16 160
32 101 190
32 139 140
32 151 40
32 261 40
32 280 160
33 3 60
33 131 80
33 143 170
33 166 150
33 172 180
33 179 130
33 240 180
34 49 90
34 70 160
34 82 140
34 147 70
34 222 80
35 52 10
35 173 60
35 233 180
35 300 10
36 7 140
36 49 10
36 110 120
36 112 50
36 256 20
36 268 170
36 277 120
37 51 180
37 111 160
37 232 50
38 136 160
38 197 170
38 226 130
38 253 120
38 280 50
39 83 200
39 104 60
39 108 180
39 281 170
39 292 30
40 118 160
40 132 120
40 181 120
40 207 150
40 210 150
40 217 80
40 265 10
41 194 120
42 1 40
42 6 190
42 61 150
42 83 50
42 108 110
42 175 70
42 183 120
42 243 170
43 15 150
43 26 170
43 41 90
43 49 70
43 67 40
43 115 10
43 150 110
43 247 70
43 261 140
43 284 60
44 19 110
44 40 130
44 50 60
44 132 10
44 161 170
44 163 60
44 184 70
44 208 30
45 1 100
45 14 200
45 39 20
45 63 150
45 124 40
45 203 70
45 209 160
45 242 10
46 19 200
46 21 100
46 24 190
46 76 190
46 202 200
46 263 50
47 35 80
47 42 140
47 133 190
47 248 160
47 264 80
48 22 30
48 24 50
48 28 170
48 38 190
48 149 170
48 178 90
48 191 190
48 238 10
48 259 120
48 261 130
48 297 130
49 25 130
49 99 200
50 44 190
50 59 130
50 74 70
50 195 20
50 201 80
50 204 50
50 211 80
50 296 200
51 28 140
51 38 50
51 112 120
51 121 30
51 224 160
51 230 90
52 129 160
52 162 60
52 271 60
53 65 140
53 82 60
53 94 80
53 116 90
53 140 170
53 172 190
53 201 120
53 233 90
53 270 110
54 6 130
54 17 130
54 73 120
54 245 100
54 270 120
55 30 140
55 252 190
56 46 120
56 52 150
56 58 90
56 119 110
56 193 100
56 232 190
56 234 200
57 16 150
57 145 160
57 241 130
58 105 30
58 183 160
58 263 140
58 267 130
60 2 190
60 25 60
60 126 70
60 143 170
60 151 150
60 223 40
60 265 160
60 291 10
61 40 40
61 51 70
61 153 140
61 156 60
61 219 10
61 243 160
61 245 130
62 24 50
62 43 90
62 82 130
62 83 180
62 86 60
62 141 60
62 233 150
62 250 180
63 12 30
63 23 10
63 121 190
63 170 30
63 209 60
64 6 90
64 9 160
64 66 80
64 87 20
64 186 70
64 200 110
64 232 120
64 252 30
65 31 40
65 80 140
65 81 70
65 107 110
65 151 60
65 177 170
65 220 200
65 224 200
65 268 130
65 300 120
66 4 60
66 86 10
66 112 40
66 113 70
66 265 200
66 284 90
66 298 100
67 101 90
67 286 20
68 75 180
68 151 100
68 165 20
68 195 40
68 295 10
69 2 60
69 31 170
69 73 40
69 113 130
69 131 200
69 155 120
69 170 200
69 194 40
69 223 70
69 278 120
70 21 130
70 38 130
70 45 100
70 81 120
70 197 200
70 244 20
70 297 140
71 59 170
71 68 40
71 117 110
71 194 30
71 209 130
71 262 50
71 277 10
72 71 170
72 97 200
72 115 170
72 122 20
72 177 10
72 237 20
73 59 120
73 79 190
73 175 170
73 177 120
73 254 190
73 297 200
74 146 60
74 251 60
74 292 160
75 162 160
75 186 40
75 189 130
75 229 150
75 263 80
76 34 120
76 38 10
76 188 60
77 61 20
77 121 60
77 158 200
77 167 120
77 213 110
77 247 160
77 289 50
78 2 80
78 99 180
78 120 70
78 148 30
78 179 70
78 200 190
78 233 140
78 236 150
78 245 140
79 149 80
79 179 30
79 285 50
80 7 190
80 13 40
80 33 40
80 74 160
80 84 150
80 123 110
80 149 40
80 216 40
80 232 180
80 257 110
80 283 10
81 27 200
81 93 30
81 117 160
81 156 180
81 170 200
81 180 30
81 203 80
82 15 100
82 33 100
82 56 40
82 90 60
82 93 70
82 261 20
82 279 100
83 24 130
83 32 30
83 192 180
84 45 150
84 57 140
84 166 110
84 269 190
85 75 160
85 88 70
85 229 100
85 240 10
86 24 180
86 40 110
86 128 170
86 161 60
86 215 50
86 232 120
86 256 140
86 277 100
86 299 100
87 70 160
87 73 60
87 161 140
87 176 60
87 241 130
88 56 20
88 109 110
88 131 20
88 155 40
88 182 180
88 191 50
89 23 40
89 63 170
89 98 180
89 126 120
89 198 70
89 217 20
89 249 50
89 266 10
89 267 190
89 296 100
90 18 140
90 108 40
90 164 10
90 289 40
91 18 180
91 24 30
91 34 180
91 63 110
91 127 30
91 128 100
91 164 70
91 176 120
91 226 90
92 23 80
92 75 180
92 121 160
92 246 80
92 270 10
92 282 150
93 10 190
93 33 10
93 84 200
94 10 70
94 15 140
94 118 110
94 142 200
94 192 70
94 229 110
94 274 140
95 48 140
95 275 140
96 12 10
96 40 140
96 45 50
96 61 180
96 107 100
96 179 130
96 224 160
96 253 10
96 288 140
97 55 40
97 69 100
97 89 140
97 137 180
97 143 100
97 175 180
97 279 160
98 16 110
98 243 100
98 255 70
99 113 110
99 134 50
99 146 130
99 150 150
99 159 100
99 182 120
99 212 180
99 249 170
99 278 70
100 43 100
100 100 30
100 114 150
100 147 140
100 202 90
100 259 60
100 278 70
101 19 60
101 85 120
101 124 60
101 159 90
101 162 30
101 262 80
102 12 130
102 25 70
102 55 120
102 86 150
102 140 30
102 152 100
102 176 50
102 186 50
102 200 130
102 228 150
102 298 70
103 36 80
103 147 120
103 209 100
103 213 190
103 226 30
103 238 140
103 244 140
103 300 20
104 2 200
104 19 200
104 24 150
104 209 140
104 282 160
105 13 160
105 31 50
105 44 100
105 59 110
105 156 160
105 235 150
105 238 130
106 9 30
106 25 180
106 46 110
106 68 170
106 142 190
106 147 160
106 162 170
106 163 20
106 241 120
107 15 110
107 49 130
107 72 40
107 83 50
107 113 190
108 30 150
108 124 30
108 141 160
108 158 140
108 180 200
108 240 140
108 275 60
108 285 50
109 74 170
109 121 130
109 126 100
109 172 140
109 189 60
109 260 10
110 13 130
110 36 40
110 142 130
110 167 10
110 176 160
110 190 100
110 191 160
110 269 70
111 101 90
111 136 10
111 161 190
111 181 80
111 275 130
112 14 160
112 111 150
112 260 120
113 11 150
113 18 150
113 21 150
113 52 100
113 67 150
113 68 140
113 87 90
113 120 170
113 127 100
113 227 190
113 250 30
113 261 60
113 289 190
114 153 120
115 69 180
115 107 10
115 153 120
115 181 10
115 272 60
116 8 90
116 15 50
116 158 130
116 215 90
116 217 50
117 197 110
117 230 90
117 298 30
118 2 150
118 78 10
118 132 40
118 144 60
118 164 60
118 181 30
119 52 90
119 128 50
119 175 130
119 194 160
119 255 110
119 284 10
119 291 200
120 38 180
120 145 120
120 168 70
120 190 70
120 254 200
120 261 30
120 278 70
121 100 50
121 141 100
121 170 130
121 267 180
122 19 40
122 24 20
122 45 130
122 91 180
122 101 90
122 179 150
122 211 80
122 261 160
122 282 40
123 76 70
123 113 170
123 123 30
123 136 60
123 138 190
123 230 70
123 276 50
123 284 80
124 114 190
124 125 130
125 90 20
125 126 190
125 147 80
125 172 180
125 249 170
126 32 70
126 44 190
126 86 30
126 102 140
126 184 80
126 243 40
126 260 170
126 261 110
126 291 150
127 47 130
127 108 130
127 217 190
127 257 190
128 74 40
128 115 160
128 129 140
128 187 70
129 88 70
129 106 40
129 145 120
129 206 200
129 223 30
129 234 110
129 244 50
130 26 60
130 149 30
130 196 80
130 201 30
130 225 60
130 235 100
130 254 90
130 268 40
130 300 10
131 46 200
131 91 10
131 97 160
131 100 60
131 131 130
131 172 180
131 197 110
131 217 60
131 298 40
132 3 100
132 11 10
132 126 20
132 127 40
132 133 20
132 137 20
132 181 50
132 220 60
132 239 190
132 251 50
132 279 200
133 54 70
133 58 110
133 63 60
133 104 140
133 174 130
133 181 30
133 230 180
133 257 20
133 272 20
134 92 100
134 125 50
134 133 140
134 142 20
134 154 180
134 209 100
134 237 10
134 242 50
134 252 30
135 5 100
135 66 200
135 190 140
135 265 50
136 16 100
136 115 20
136 165 170
136 202 60
136 233 90
136 248 200
136 269 190
137 60 20
137 62 120
137 88 170
137 109 170
137 134 160
137 153 120
137 206 50
137 259 110
137 299 80
138 24 10
138 39 70
138 69 140
138 94 190
138 139 180
138 219 180
138 263 130
139 12 180
139 19 50
139 81 50
139 259 140
140 3 150
140 12 70
140 27 160
140 49 130
140 109 80
140 136 160
140 212 50
140 222 190
140 297 80
141 17 130
141 87 20
141 102 150
141 154 140
141 189 190
141 249 90
142 112 190
142 116 10
142 139 160
142 209 170
142 211 40
143 20 180
143 28 20
143 68 190
143 164 100
143 203 190
143 206 10
143 248 190
143 261 120
143 285 30
144 48 130
144 55 80
144 118 20
144 125 200
144 171 10
144 215 110
145 93 30
145 112 20
145 152 170
146 109 160
146 228 90
147 31 170
147 89 140
147 243 10
147 251 80
147 277 90
148 7 110
148 17 40
148 27 120
148 29 90
148 87 40
148 161 150
148 190 40
148 279 100
149 112 150
149 228 90
149 298 70
150 48 90
150 72 190
150 98 30
150 103 110
150 136 40
150 175 110
150 189 180
150 250 90
150 283 130
151 7 20
151 20 60
151 66 30
151 105 30
151 191 40
151 220 170
151 225 20
152 58 10
152 111 60
152 236 20
152 238 160
152 250 120
153 54 200
153 131 80
153 285 110
153 299 30
154 73 190
154 81 30
154 134 150
154 151 110
154 214 90
154 292 200
155 7 170
155 87 40
155 96 160
155 97 40
155 159 80
155 191 160
155 236 60
156 186 180
157 65 30
157 75 100
157 122 200
157 135 180
157 172 70
157 199 120
157 204 170
158 71 180
158 156 90
158 185 180
159 142 70
159 205 140
159 242 110
160 285 190
161 28 150
161 227 100
161 268 50
162 10 190
162 14 160
162 34 50
162 77 130
162 140 20
162 242 10
162 244 100
163 35 10
163 183 100
163 184 10
163 221 150
164 47 160
164 143 140
164 173 200
164 195 170
164 298 180
164 300 90
165 5 20
165 64 170
165 78 150
165 87 130
165 108 60
165 135 40
165 213 120
165 251 60
165 263 10
165 275 90
165 300 120
166 14 110
166 34 150
166 46 110
166 272 130
167 66 140
167 114 30
167 129 130
167 229 110
167 248 160
167 295 170
167 300 100
168 31 80
168 127 120
168 270 160
169 46 30
169 100 180
169 122 170
169 140 110
169 188 20
169 212 110
169 231 40
169 277 40
170 61 60
170 70 50
170 152 20
170 166 170
170 244 180
170 289 120
171 29 200
171 47 130
171 99 120
171 125 40
171 208 160
171 257 30
171 278 90
171 286 20
171 289 130
172 243 40
172 277 200
172 300 140
173 5 150
173 7 90
173 173 100
173 187 90
173 200 90
173 231 30
174 14 120
174 47 190
174 81 130
174 86 130
174 92 190
174 215 140
174 233 70
174 280 170
175 170 180
175 222 70
175 223 150
175 296 180
176 15 120
176 71 160
176 151 200
177 263 10
178 30 180
178 52 70
178 71 160
178 154 170
178 181 100
178 211 110
178 262 20
179 171 90
179 240 140
180 14 30
180 30 80
180 129 70
180 208 120
181 19 50
181 42 130
181 85 70
181 171 80
181 256 90
182 17 200
182 104 160
182 136 160
182 216 160
182 234 140
182 262 140
183 225 40
184 97 200
184 138 10
184 205 170
185 16 50
185 54 160
185 139 120
185 183 170
185 198 170
185 228 160
186 32 30
186 71 190
186 128 200
186 136 100
186 187 150
186 271 70
186 292 150
186 299 60
187 26 180
187 52 110
187 218 170
187 239 80
187 247 30
187 287 10
188 60 130
188 64 80
188 79 10
188 81 150
189 78 90
189 120 100
189 165 30
189 201 60
189 213 120
189 255 200
189 275 50
190 89 130
190 131 150
190 268 160
191 86 180
191 171 150
191 189 140
191 193 90
191 267 90
192 19 150
192 60 110
192 265 70
193 12 120
193 41 30
193 57 170
193 91 30
193 128 80
193 226 170
194 24 60
194 43 20
194 66 60
194 102 170
194 155 170
194 206 100
194 213 130
195 49 200
195 66 140
195 181 160
195 224 200
195 240 110
195 241 160
195 269 160
195 280 200
196 15 30
196 129 150
196 248 160
197 37 30
197 84 120
197 101 90
197 121 180
197 198 120
197 229 30
197 285 10
198 3 50
198 12 100
198 52 20
198 80 90
198 152 10
198 169 200
198 239 120
199 48 20
199 137 20
199 238 150
200 49 160
200 72 180
200 108 90
200 298 100
201 21 120
201 37 30
201 120 30
201 147 200
201 210 80
201 229 100
201 280 150
202 49 80
202 104 90
202 152 100
202 171 130
203 129 190
203 163 100
203 227 50
203 239 150
204 13 20
204 59 20
204 79 130
204 138 90
204 145 30
204 172 50
204 190 160
204 219 110
204 228 170
204 286 130
205 22 40
205 27 80
205 95 10
205 149 120
205 161 140
205 170 120
205 230 140
205 242 120
206 56 100
206 224 140
206 248 50
206 287 120
207 1 200
207 4 180
207 11 170
207 54 20
207 101 40
207 162 30
208 22 20
208 56 150
208 250 110
208 269 10
208 287 20
209 40 30
209 191 150
209 291 140
209 299 100
210 11 90
210 48 10
210 49 150
210 58 190
210 153 180
210 161 120
210 176 150
210 216 120
210 286 50
211 21 180
211 44 160
211 53 110
211 114 180
211 132 180
211 186 190
211 197 10
211 248 70
211 286 80
212 27 120
212 47 140
212 77 180
212 174 140
212 208 170
213 95 90
213 123 140
213 155 70
213 258 80
214 6 10
214 9 30
214 35 150
214 156 30
214 164 20
214 235 140
214 270 180
215 2 40
215 3 130
215 4 160
215 104 70
215 193 20
215 207 110
215 288 100
216 24 130
216 38 80
216 67 50
216 114 90
216 139 50
216 197 200
217 62 120
217 122 180
217 220 110
217 289 140
218 88 180
218 156 170
219 64 180
219 113 90
219 134 20
219 175 80
219 229 20
220 22 130
220 41 140
220 54 160
220 92 70
220 125 190
220 150 30
220 255 160
220 257 10
220 290 60
220 292 70
221 16 120
221 94 140
221 105 120
221 193 20
221 207 170
221 241 30
222 68 150
222 77 140
222 83 190
222 156 30
222 241 90
223 200 100
223 217 40
223 253 120
224 8 110
224 44 200
224 87 170
224 93 170
224 116 150
224 172 40
224 186 120
224 243 90
225 1 190
225 91 150
225 155 70
225 186 30
225 254 130
225 269 170
225 284 10
225 286 40
226 70 120
226 88 80
226 93 40
226 183 70
226 265 200
226 297 10
227 21 170
227 46 150
227 200 160
227 207 30
227 210 80
227 265 10
227 290 170
228 138 160
228 282 10
228 300 120
229 4 80
229 87 120
229 115 140
229 156 160
229 169 80
229 181 160
229 214 110
229 230 90
229 292 50
230 29 40
230 47 80
230 62 110
230 76 10
230 140 10
230 166 100
230 178 200
230 204 150
230 282 100
231 78 20
231 94 40
231 102 110
231 189 20
231 203 200
231 204 140
231 264 50
232 2 170
232 59 60
232 149 100
232 227 150
233 18 180
233 35 180
233 44 40
233 69 150
233 97 30
233 207 170
233 270 110
234 49 180
234 111 20
234 163 60
235 155 120
235 166 110
235 170 190
235 217 70
235 274 120
236 12 160
236 21 40
236 173 160
236 220 100
236 230 100
237 46 160
237 128 100
237 224 200
237 256 160
238 50 30
238 103 80
238 170 130
238 205 60
238 225 60
238 239 160
238 279 20
238 287 40
238 293 40
239 60 110
239 66 60
239 135 60
239 138 200
239 292 190
240 69 200
240 72 60
240 228 150
241 212 50
241 247 180
241 284 80
242 100 20
242 115 190
242 135 50
242 183 70
242 203 60
242 249 40
242 265 160
243 14 30
243 75 10
243 159 190
243 164 20
243 167 170
243 196 30
243 296 70
244 46 160
244 68 70
244 119 130
244 129 10
244 208 40
244 212 70
244 216 140
245 117 190
245 212 190
245 236 150
246 30 30
246 184 70
246 206 110
247 132 150
247 163 120
247 179 70
247 192 120
247 262 200
247 275 40
247 298 70
248 50 30
248 51 50
248 71 170
248 175 40
248 284 200
249 66 50
249 117 130
249 222 190
250 100 190
250 123 170
250 197 10
250 227 160
250 228 60
250 292 60
250 299 80
251 146 190
251 255 90
251 275 190
251 276 10
252 90 20
252 125 200
252 138 30
252 190 150
252 256 190
252 296 150
253 9 120
253 58 10
253 97 150
253 99 150
253 106 170
254 271 60
254 273 70
254 286 80
255 39 160
255 49 170
255 87 90
255 126 130
255 136 50
255 186 90
255 187 130
256 45 70
256 78 20
256 85 160
256 117 40
256 154 70
256 182 160
256 297 10
257 58 30
257 83 50
258 65 30
258 105 150
258 164 70
258 246 140
258 296 70
259 102 100
259 239 150
259 296 90
260 76 180
260 77 70
260 118 100
260 163 90
260 189 130
260 212 100
260 220 180
260 232 30
260 263 30
260 287 160
260 295 140
261 93 130
261 121 190
261 200 40
261 227 20
262 8 150
262 83 130
262 93 120
262 176 50
262 229 120
262 230 70
262 236 80
262 239 200
262 242 80
263 66 150
263 108 120
263 139 160
263 167 60
263 179 30
264 21 60
264 25 170
264 67 110
264 104 70
264 126 20
264 210 130
264 225 110
265 38 160
265 91 120
265 115 80
265 126 140
265 198 140
266 78 30
266 133 60
266 171 170
266 221 200
266 273 100
266 282 170
267 49 100
267 120 30
267 162 10
267 231 50
267 296 160
268 9 50
268 84 180
268 100 50
268 138 120
268 226 140
268 255 130
268 292 10
269 27 140
269 41 70
269 44 10
269 201 120
269 204 60
269 265 30
269 281 140
269 295 150
270 9 150
270 70 190
270 92 90
270 163 60
270 175 90
270 288 150
271 44 10
271 249 150
271 265 140
271 278 10
271 290 20
272 6 70
272 69 150
272 71 130
272 109 50
272 280 40
273 33 40
273 201 170
274 186 80
274 231 110
274 267 40
275 69 120
275 250 100
275 264 130
276 78 140
276 134 170
276 219 170
276 280 200
276 286 140
277 33 180
277 132 150
277 237 170
277 249 190
277 281 130
277 300 120
278 41 110
278 44 190
278 106 100
278 181 20
278 229 60
278 247 30
278 266 120
279 88 60
279 144 180
279 162 30
279 185 60
279 199 160
279 279 140
280 3 130
280 95 20
280 188 100
281 74 140
281 100 80
281 235 120
281 245 90
281 256 170
282 32 200
282 41 180
282 132 170
282 185 70
282 271 40
283 25 140
283 34 110
283 42 50
283 62 100
283 77 180
283 79 40
283 120 80
283 180 140
283 196 30
283 211 20
283 286 140
284 27 160
284 46 30
284 172 130
284 193 180
284 233 190
284 246 110
284 264 80
284 292 40
285 44 40
285 57 160
285 62 10
285 81 110
285 119 130
285 144 190
285 197 110
285 272 30
286 21 170
286 97 140
286 123 170
286 210 140
287 72 60
287 189 60
287 206 160
287 218 130
287 236 100
287 266 160
287 293 20
288 9 20
288 82 100
288 201 190
288 221 10
288 297 160
289 43 130
289 237 100
289 238 110
289 250 80
289 298 200
290 98 60
290 180 100
290 282 200
290 299 110
291 5 130
291 98 170
291 116 130
291 259 180
291 270 60
292 21 10
292 48 70
292 103 130
292 145 120
292 152 50
292 200 190
292 274 20
293 3 70
293 82 50
293 88 20
293 124 130
293 165 120
293 244 50
293 264 60
294 16 80
294 30 20
294 108 110
294 229 20
295 26 150
295 109 60
295 160 70
295 239 40
295 298 120
295 300 130
296 30 140
296 84 130
296 117 150
296 153 160
296 230 110
296 291 190
297 51 40
297 144 190
297 267 200
298 44 130
298 88 170
298 120 100
298 129 200
298 194 150
298 256 160
298 263 170
299 16 170
299 37 50
299 42 90
299 53 40
299 74 190
299 243 20
299 252 70
300 86 70
300 138 10
301 13 70
301 60 50
301 114 130
301 178 70
302 47 70
302 106 30
302 122 10
302 145 20
302 227 10
303 90 90
303 139 80
303 154 30
303 204 190
303 287 180
304 6 180
304 50 200
304 222 190
304 249 80
305 1 50
305 81 70
305 84 60
305 279 170
306 6 180
306 25 140
306 107 140
306 118 100
306 259 10
307 36 70
307 115 140
307 120 40
307 138 50
307 238 180
307 262 130
308 13 160
308 76 30
308 183 20
308 255 70
309 5 90
309 35 150
309 46 160
309 84 120
309 103 190
309 110 200
309 148 190
309 195 10
309 224 20
309 239 140
309 249 40
310 8 190
310 145 90
310 216 140
310 226 80
310 276 30
310 286 90
311 129 100
311 174 10
311 181 30
311 201 120
311 229 140
311 293 70
312 167 190
312 169 10
312 173 140
312 242 20
312 270 80
312 277 30
313 110 180
313 147 170
313 174 60
313 253 140
313 267 190
314 157 90
314 202 30
314 271 130
315 30 100
315 80 110
315 137 140
315 142 110
315 172 160
315 192 140
315 228 50
316 16 30
316 35 160
316 37 90
316 77 180
316 106 100
316 119 70
316 199 90
316 261 200
316 276 70
317 101 130
317 122 200
317 257 170
317 270 180
317 279 30
318 63 10
318 86 190
318 121 30
318 186 190
318 200 40
318 240 180
319 10 140
319 70 180
319 78 200
319 124 140
319 146 150
319 148 150
319 186 50
319 222 160
319 259 120
320 18 160
320 67 80
320 95 130
320 139 120
320 228 20
320 234 120
321 50 140
321 72 20
321 225 40
321 238 70
321 262 190
321 288 110
322 46 150
322 62 140
322 230 160
322 267 130
322 270 20
323 123 160
323 171 150
323 175 90
323 179 120
323 202 110
324 33 190
324 35 10
324 44 170
324 55 110
324 155 120
324 229 160
325 76 120
325 89 120
325 128 100
325 131 100
325 173 170
325 176 10
325 245 130
325 273 200
325 290 130
325 297 30
326 45 130
326 49 200
326 135 70
326 226 70
326 257 120
326 283 190
326 297 40
327 69 110
327 104 110
327 105 80
327 148 70
327 154 100
327 233 20
327 248 150
327 260 90
328 46 100
328 77 30
328 164 70
328 173 150
328 179 150
328 202 40
329 222 30
329 250 170
330 26 50
330 34 100
330 41 20
330 81 140
330 127 50
330 203 80
330 214 180
330 235 140
330 296 130
331 17 120
331 78 170
331 123 120
331 124 70
331 145 150
331 172 30
332 183 60
332 224 80
332 258 60
332 262 60
333 48 110
333 65 190
333 74 140
333 98 60
333 194 40
333 203 60
333 278 180
333 297 120
334 11 180
334 46 40
334 168 40
334 183 160
335 40 180
335 50 200
335 64 180
335 151 150
335 179 40
335 239 80
335 294 160
336 5 130
336 43 110
336 66 70
336 141 80
336 182 90
336 188 60
336 196 180
337 72 90
337 97 180
337 130 180
337 217 80
337 281 80
338 5 10
338 39 190
338 61 170
338 140 160
338 186 120
338 229 150
339 8 150
339 29 20
339 205 30
339 209 180
339 227 160
340 99 120
340 105 130
340 117 80
340 195 160
340 203 150
340 256 160
340 259 50
340 263 50
340 276 80
340 293 60
341 60 60
341 88 120
341 137 190
341 155 40
341 171 120
342 67 160
342 72 180
342 124 100
342 131 20
343 42 10
343 56 80
343 139 120
343 144 200
343 265 190
343 294 60
344 4 180
344 35 190
344 53 150
344 132 160
344 139 110
344 172 50
344 251 60
345 107 140
345 116 110
345 177 140
346 12 160
346 52 150
346 128 40
346 259 180
347 172 120
347 185 80
347 295 150
348 60 40
348 97 20
348 144 70
348 168 100
348 200 120
348 296 140
349 9 70
349 12 90
349 191 50
349 228 70
349 229 200
350 36 130
350 56 200
350 78 10
350 132 130
350 135 100
350 136 150
350 168 150
350 268 90
350 271 30
350 291 160
351 36 180
351 43 80
351 98 200
351 128 50
351 235 70
352 38 150
352 171 150
352 238 20
353 66 190
353 120 20
353 154 110
353 272 50
354 71 80
354 99 60
354 290 30
354 295 120
355 109 20
355 179 190
355 275 40
355 291 10
356 173 130
356 190 40
356 247 190
356 294 70
357 62 180
357 64 140
357 126 170
357 150 100
357 228 50
357 296 150
358 41 70
358 45 80
359 15 60
359 112 50
359 142 80
359 148 110
359 188 150
359 240 120
359 259 180
360 80 130
360 90 50
360 114 80
360 182 110
360 194 10
360 222 110
360 250 10
360 254 120
360 255 100
360 290 120
361 42 120
361 140 50
361 212 110
361 226 190
361 288 160
362 1 60
362 22 200
362 61 40
362 134 160
362 143 130
362 227 50
362 251 130
362 255 110
362 283 40
363 69 20
363 79 140
363 119 170
363 186 110
363 239 120
363 252 150
364 42 180
364 47 70
364 62 70
364 149 140
364 177 180
364 222 130
364 261 20
365 41 180
365 56 170
365 90 10
365 142 30
365 156 180
365 173 170
365 191 130
365 220 30
365 238 40
365 257 110
366 62 20
366 125 170
366 148 130
366 153 180
366 274 70
366 277 150
367 31 130
367 55 130
367 240 120
368 16 120
368 125 170
368 200 50
368 201 10
369 79 60
369 127 120
369 129 130
369 244 60
369 290 140
369 293 180
370 7 20
370 33 80
370 167 190
370 174 10
370 206 40
370 243 180
370 285 20
371 6 120
371 70 50
371 164 10
371 221 200
371 230 70
372 87 100
372 99 110
372 166 50
372 236 110
373 41 110
373 42 160
373 60 40
373 128 70
373 138 190
373 266 190
373 277 80
374 125 200
374 197 100
374 245 170
374 265 150
375 81 100
375 140 100
375 179 110
375 214 200
375 226 20
375 272 80
376 20 130
376 61 120
376 105 130
376 119 20
376 239 50
376 279 50
376 291 100
377 11 50
377 26 170
377 80 150
377 99 120
377 177 80
377 243 160
377 295 30
378 54 10
378 57 40
378 66 60
378 152 160
378 183 10
378 187 190
378 220 130
378 245 130
378 257 50
378 274 200
378 284 190
379 132 150
379 169 80
379 288 180
379 290 150
380 83 200
380 101 40
380 107 100
380 117 50
380 166 70
380 195 80
380 203 120
381 37 170
381 83 160
381 111 90
381 201 30
382 19 150
382 92 100
382 110 130
382 283 150
383 149 30
383 213 70
383 271 100
383 288 90
383 291 190
384 6 180
384 45 170
384 64 10
384 110 170
384 150 70
384 185 180
384 192 130
385 63 20
385 70 190
385 75 10
385 166 80
385 217 20
385 248 60
385 291 70
385 292 130
386 24 80
386 232 180
386 271 40
387 21 170
387 36 180
387 37 170
387 189 60
387 196 20
387 197 100
387 246 40
387 295 120
388 53 150
388 233 100
388 234 160
388 262 110
388 293 60
388 294 200
389 126 70
389 210 50
389 258 180
389 271 130
390 8 110
390 82 110
390 223 30
390 238 170
390 262 120
391 28 120
391 99 190
391 243 180
391 250 110
391 253 160
392 37 80
392 44 20
392 167 50
393 30 170
393 83 170
393 160 120
393 245 170
394 38 140
394 85 150
394 222 100
394 230 100
395 3 10
395 46 90
395 64 140
395 72 200
395 143 70
395 185 190
395 200 150
395 233 50
396 9 80
396 10 130
396 66 60
396 109 160
396 127 100
396 185 200
396 228 30
396 237 20
397 33 120
397 85 200
397 121 10
397 122 80
397 132 140
397 189 80
397 252 100
397 296 90
397 298 150
398 102 110
398 117 100
398 164 80
398 206 30
398 284 40
398 285 160
399 1 50
399 9 130
399 57 20
399 100 70
399 109 20
399 149 150
399 158 140
399 200 120
400 73 190
400 111 130
400 129 10
400 134 60
400 139 190
400 164 150
400 176 100
400 270 120
401 3 90
401 5 190
401 41 80
401 46 130
401 57 160
401 132 100
401 143 140
401 194 50
401 200 120
401 211 100
401 220 170
401 237 180
401 258 160
402 71 60
402 115 120
402 168 20
402 199 80
403 30 70
403 82 160
403 86 130
403 168 70
403 222 60
403 259 60
403 276 140
403 283 10
404 50 120
404 70 200
404 109 50
404 174 160
404 261 50
404 296 150
405 13 10
405 65 190
405 94 90
405 105 130
405 144 40
405 154 30
405 227 180
405 238 40
405 241 160
406 47 160
406 212 30
407 29 180
407 33 150
407 81 140
407 94 190
407 100 10
407 110 60
407 130 70
407 139 30
407 148 30
407 273 60
408 9 90
408 139 30
408 140 150
408 141 40
408 176 130
408 182 10
408 256 50
408 261 10
408 293 130
409 3 60
409 86 190
409 94 50
409 109 30
409 198 90
409 219 110
409 294 10
410 27 160
410 42 110
410 50 120
410 78 20
410 83 150
410 86 140
410 128 10
410 162 200
410 166 30
410 205 120
411 53 10
411 57 20
411 166 140
411 235 160
411 274 200
411 291 10
412 27 140
412 111 60
412 131 170
412 151 20
412 245 40
413 152 100
413 223 50
413 295 30
414 7 30
414 62 60
414 106 200
414 145 100
414 208 40
414 280 80
415 136 10
415 174 200
416 51 110
416 64 190
416 82 110
416 170 120
416 197 80
416 202 50
416 236 120
416 284 140
417 18 10
417 107 130
417 170 20
417 174 70
417 196 50
417 264 120
418 137 150
418 222 190
418 275 160
419 56 200
419 100 140
419 165 180
419 181 150
419 191 200
419 222 20
419 234 40
420 2 100
420 95 150
420 158 180
420 219 180
420 235 190
420 260 160
420 261 200
421 3 60
421 39 40
421 112 30
421 130 10
421 157 150
421 196 190
422 7 110
422 20 20
422 28 50
422 41 20
422 86 150
422 112 50
422 142 100
422 165 90
422 230 10
423 84 170
423 116 200
423 123 60
423 127 180
423 281 200
424 23 200
424 52 200
424 95 80
424 148 10
424 169 110
424 205 40
425 70 20
425 84 170
425 140 130
425 144 160
425 198 50
425 203 190
425 206 110
425 245 190
425 259 40
425 280 20
426 119 130
426 122 190
426 168 130
426 193 40
426 278 80
427 7 80
427 45 30
427 123 190
427 248 60
427 261 200
428 5 170
428 90 160
428 110 10
428 127 20
428 139 40
428 157 170
428 206 170
428 216 70
428 269 60
429 75 80
429 92 150
429 115 30
429 154 20
429 182 20
429 201 20
429 216 200
429 244 80
430 50 40
430 155 60
430 206 20
430 243 40
430 294 110
430 295 70
430 298 70
431 43 170
431 140 140
431 169 120
431 186 90
431 236 200
431 259 10
432 113 100
432 168 80
432 240 200
432 291 100
433 65 130
433 126 140
433 152 90
433 182 60
433 205 200
433 259 100
434 17 90
434 56 110
434 84 90
434 167 170
434 193 150
434 213 200
434 247 30
435 63 70
435 65 40
435 212 170
435 246 120
435 294 70
435 298 110
436 126 160
436 142 60
436 143 130
436 233 100
437 21 90
437 77 20
437 126 90
437 130 60
437 134 30
437 180 90
437 242 50
437 250 90
438 43 10
438 62 50
438 119 160
438 215 130
439 47 20
440 43 100
440 109 170
440 134 140
440 141 90
440 150 20
440 164 100
440 204 160
441 7 200
441 95 170
441 145 190
441 275 180
441 293 80
442 97 160
442 113 60
442 195 10
442 240 120
442 293 20
443 49 10
443 62 30
443 112 160
443 191 10
443 229 30
443 271 80
444 9 150
444 28 170
444 88 150
444 225 120
444 261 10
445 73 160
445 119 80
445 164 30
445 226 150
445 244 170
446 25 80
446 102 10
446 219 180
446 247 60
447 64 100
447 74 90
447 293 10
448 1 180
448 2 150
448 45 100
448 101 90
448 164 30
448 187 130
448 191 80
448 227 170
448 259 80
449 48 130
449 70 170
449 203 20
450 16 20
450 25 80
450 42 190
450 45 90
450 128 160
451 236 70
451 278 30
451 279 60
451 284 70
452 3 140
452 42 10
452 131 180
452 146 20
452 168 150
452 177 150
452 189 40
453 123 130
453 186 190
453 204 110
453 244 120
453 283 70
454 22 120
454 61 130
454 100 160
454 127 150
454 136 20
454 156 20
454 262 80
455 141 60
455 188 90
455 208 100
455 218 110
455 247 180
455 252 130
455 262 130
455 278 200
455 288 20
456 38 200
456 73 130
456 114 20
456 181 140
456 257 60
456 262 90
457 30 100
457 60 170
457 86 120
457 140 90
457 225 30
457 232 30
458 43 190
458 89 190
458 111 40
459 181 120
459 223 100
459 224 140
459 228 10
460 101 110
461 28 90
461 55 20
461 72 100
461 108 110
461 151 200
461 158 60
461 168 20
461 231 10
461 247 200
461 255 50
461 256 80
462 37 20
462 75 150
462 119 160
462 128 100
462 204 150
462 219 140
462 247 60
462 273 60
463 12 130
463 44 100
463 143 90
463 185 100
463 278 60
463 296 150
463 299 80
464 52 150
464 72 100
464 106 40
464 265 20
465 79 170
465 80 40
465 102 20
465 104 180
465 147 100
465 151 20
465 164 10
466 9 100
466 27 50
466 66 20
466 118 70
467 15 80
467 138 100
467 142 90
467 182 180
467 242 70
467 252 20
467 281 40
467 298 200
468 6 80
468 9 130
468 40 120
468 45 30
468 61 200
468 93 10
468 107 100
468 140 150
468 172 180
468 212 120
468 241 200
468 274 160
469 22 110
469 56 120
469 115 40
469 205 130
470 30 160
470 35 100
470 48 170
470 199 30
470 207 20
470 217 120
470 237 60
471 3 150
471 7 200
471 43 140
471 215 20
471 253 120
472 23 140
472 39 90
472 129 60
472 210 130
472 216 190
472 249 160
473 167 20
473 234 140
473 297 100
474 43 170
474 54 40
474 70 70
474 115 60
474 172 40
474 204 30
474 237 110
474 283 40
475 20 90
475 38 60
475 89 50
475 101 10
475 228 200
475 240 140
475 286 120
476 3 170
476 60 90
476 63 140
476 68 130
476 93 120
476 162 100
476 183 180
476 191 60
476 229 130
477 33 40
477 51 150
477 114 160
477 146 90
477 166 110
477 223 200
478 11 160
478 15 30
478 74 120
478 129 190
478 219 30
479 97 150
479 137 100
479 161 140
479 195 60
479 244 160
479 262 80
479 296 140
480 51 160
480 84 110
480 94 40
480 120 20
480 131 200
480 200 90
480 299 150
481 14 20
481 43 60
481 161 160
481 172 110
481 221 30
481 228 120
481 238 70
481 281 40
482 62 10
482 115 110
482 179 70
482 282 110
483 18 30
483 76 10
483 240 20
483 292 20
483 293 90
484 15 140
484 21 130
484 37 150
484 100 130
484 113 10
484 161 170
484 200 110
484 212 170
484 222 10
484 228 180
484 230 200
484 231 70
485 9 160
485 21 130
485 33 200
485 49 120
485 129 100
485 159 20
485 173 130
485 181 190
485 187 30
485 223 140
485 253 130
485 284 60
485 285 190
486 30 190
486 58 10
486 61 160
486 133 70
486 249 150
486 250 40
487 73 110
487 77 20
487 81 40
487 91 90
487 95 30
487 124 100
487 162 110
487 254 100
488 83 130
488 84 40
488 111 60
488 176 100
488 211 130
489 88 10
489 132 70
489 157 30
489 228 30
489 229 170
489 248 40
489 263 40
489 271 30
490 45 160
490 101 120
490 112 160
490 168 120
490 225 170
491 21 110
491 55 10
491 188 80
491 231 70
491 232 30
492 4 80
492 32 40
492 57 80
492 104 170
492 143 80
492 166 80
492 194 80
493 31 180
493 65 200
493 119 10
493 188 110
493 266 80
493 267 190
493 297 80
494 17 30
494 42 20
494 93 80
494 117 130
494 143 140
494 159 100
494 195 170
494 196 100
494 251 70
494 252 80
494 283 200
495 1 60
495 26 150
495 32 20
495 136 180
495 155 80
495 216 100
495 245 90
495 260 90
496 96 180
496 136 140
496 230 50
496 298 130
497 47 30
497 110 100
497 134 150
497 154 160
497 245 50
497 286 20
498 68 20
498 189 50
498 232 170
498 236 180
498 277 160
498 293 200
499 148 110
499 205 70
499 217 60
500 109 10
500 129 150
500 169 140
500 199 170
501 27 170
501 28 140
501 39 100
501 104 200
501 113 70
501 171 140
501 188 120
501 251 180
501 273 160
502 1 90
502 74 170
502 82 30
502 102 30
502 287 110
503 50 130
503 70 40
503 105 80
503 124 200
503 155 150
503 193 190
503 207 120
503 225 20
503 298 20
504 42 110
504 96 30
504 156 100
504 196 100
504 241 40
504 244 30
505 178 80
505 208 130
505 253 100
505 281 50
505 287 50
506 42 130
506 64 50
506 229 100
506 230 130
506 232 140
506 281 60
507 75 70
507 208 190
507 229 150
508 41 180
508 138 10
508 203 10
508 223 50
508 244 120
508 274 110
508 284 120
508 294 180
508 297 170
509 46 120
509 64 120
509 107 60
509 110 200
509 116 100
509 128 190
509 150 180
509 158 130
509 159 190
509 191 10
509 201 10
509 205 20
509 247 190
509 251 150
510 18 150
510 40 140
510 47 70
510 278 40
510 295 140
511 6 180
511 130 200
511 164 90
511 194 150
511 269 80
511 299 140
512 31 120
512 252 80
512 269 180
512 278 150
513 99 20
513 131 20
513 134 40
513 140 190
513 153 10
513 197 10
514 20 170
514 37 200
514 131 140
514 143 50
514 182 60
515 3 50
515 72 20
515 90 20
515 136 110
516 17 80
516 239 10
516 241 120
516 268 100
516 283 90
517 127 170
517 218 180
517 251 70
517 300 100
518 31 170
518 57 130
518 87 80
518 182 50
519 12 110
519 58 40
519 116 200
519 123 180
519 131 110
519 138 50
519 160 110
519 213 70
519 230 130
519 253 70
520 34 70
520 236 60
520 260 30
521 13 20
521 17 190
521 23 10
521 38 140
521 46 160
521 90 140
521 133 90
521 180 110
521 182 120
522 60 180
522 94 70
522 112 110
522 164 10
522 166 60
522 194 40
522 221 10
522 281 180
523 23 130
523 33 90
523 91 130
523 183 170
523 209 90
523 285 190
524 11 150
524 78 110
524 107 80
524 137 80
524 140 110
524 170 120
524 206 80
524 215 80
524 274 140
525 21 50
525 105 70
526 88 140
526 92 200
526 259 160
526 274 50
526 296 100
527 69 80
527 71 70
527 215 30
527 271 110
527 284 40
528 76 130
528 84 100
528 86 140
528 94 200
528 106 70
528 115 20
528 123 100
528 133 70
528 171 80
528 200 190
528 201 20
528 215 200
529 9 20
529 24 160
529 33 140
529 39 70
529 87 150
529 92 200
529 212 140
529 229 190
530 49 40
530 71 60
530 96 140
530 216 120
530 223 140
530 241 130
531 29 180
531 42 190
531 160 10
531 240 90
531 283 80
532 7 40
532 56 90
532 113 190
532 178 130
532 179 20
532 237 130
532 242 60
533 58 10
533 123 110
533 137 190
533 221 50
533 260 120
534 2 60
534 33 40
534 37 60
534 127 70
534 154 130
534 276 150
535 22 170
535 99 40
535 121 170
535 156 160
535 194 190
535 272 200
535 281 10
535 289 90
536 38 20
536 109 30
536 123 100
536 147 170
536 157 130
536 173 90
536 235 50
536 292 190
537 14 130
537 177 40
537 187 130
537 197 80
537 216 170
537 250 50
537 265 30
537 270 120
538 49 160
538 97 200
538 128 20
538 203 50
538 236 30
539 37 160
539 40 50
539 69 60
539 133 30
539 161 180
540 124 110
540 297 90
541 3 40
541 84 40
541 88 120
541 169 80
541 183 120
541 240 200
541 288 100
542 40 170
542 95 10
542 152 70
542 159 80
542 235 80
542 251 60
543 41 160
543 130 30
543 138 30
543 223 190
544 11 170
544 90 140
544 130 160
544 227 170
544 232 160
545 194 60
545 199 130
546 5 40
546 82 40
546 214 150
546 285 100
547 34 130
547 48 120
547 51 50
547 102 50
547 133 160
547 194 170
547 287 140
548 44 60
548 235 100
549 43 20
549 155 180
549 205 50
549 243 70
550 142 30
550 195 120
551 13 90
551 33 150
551 64 170
551 146 180
551 219 20
551 236 130
552 28 150
552 98 140
552 99 60
552 123 10
552 156 180
552 166 70
552 202 70
552 246 180
553 54 50
553 63 130
553 175 30
553 182 150
553 255 50
553 259 160
553 273 190
554 3 20
554 50 150
554 89 140
554 151 10
554 263 200
554 291 190
555 41 150
555 43 180
555 119 10
555 159 20
555 229 180
555 267 150
555 300 170
556 24 110
556 29 70
556 87 130
556 164 190
556 250 120
556 254 100
557 47 100
557 71 160
557 80 20
557 104 70
557 185 180
558 58 60
558 134 20
558 197 70
558 230 10
558 268 30
559 51 40
559 107 30
559 112 190
559 257 130
559 295 100
560 20 50
560 119 180
560 292 30
561 216 30
562 79 140
562 93 190
562 237 50
562 238 170
562 250 190
562 267 80
563 4 90
563 33 170
563 83 190
563 276 110
563 284 120
564 8 60
564 39 130
564 132 120
564 179 70
564 227 170
564 279 90
565 119 110
565 127 120
565 299 70
566 24 140
566 96 130
566 149 30
566 153 10
566 222 130
567 10 180
567 72 100
567 104 80
567 105 180
567 161 40
567 215 120
568 54 130
568 170 120
568 197 190
568 263 110
568 271 120
568 284 180
569 61 140
569 210 180
569 220 120
570 40 190
570 101 120
570 114 40
570 120 70
570 144 30
570 145 200
570 203 40
570 228 50
571 9 130
571 81 180
571 93 200
571 99 170
571 232 130
571 251 180
572 117 60
572 126 80
573 26 70
573 60 50
573 78 100
573 105 130
573 170 200
573 190 70
574 174 150
575 157 140
575 160 190
575 211 170
575 257 140
575 280 160
575 298 110
576 80 20
576 133 80
576 138 140
576 175 30
576 206 50
576 207 130
576 218 90
577 9 140
577 52 170
577 68 20
577 107 110
577 204 150
577 270 110
577 273 200
577 292 70
578 92 100
578 165 110
578 179 20
579 29 160
579 54 160
579 126 100
579 150 150
579 162 160
579 272 70
579 297 200
580 33 110
580 36 10
580 67 60
580 69 110
580 84 20
580 172 30
580 187 40
580 215 110
580 231 150
580 276 50
581 46 10
581 58 160
581 74 40
581 101 110
581 194 180
581 207 70
581 211 10
581 220 20
581 244 90
582 53 200
582 187 110
582 246 70
582 290 60
583 44 10
583 88 180
583 144 110
583 161 170
584 16 100
584 47 50
584 181 90
584 245 30
584 263 40
585 11 100
585 16 20
585 157 150
585 178 170
585 198 160
585 259 100
585 282 180
586 25 150
586 35 30
586 37 180
586 43 70
586 148 140
586 162 70
586 222 80
586 234 190
586 276 20
587 6 170
587 72 40
587 207 30
587 242 140
587 253 200
587 276 30
587 291 30
587 298 80
588 46 120
588 62 60
588 103 70
588 292 200
589 79 180
589 88 180
589 127 180
589 210 80
589 259 140
589 292 160
590 82 130
590 87 180
590 198 50
590 252 30
590 279 180
590 292 80
591 228 20
591 230 110
591 282 70
592 45 160
592 94 120
592 247 130
593 81 100
593 178 200
593 211 160
593 270 70
593 275 130
594 4 30
594 10 60
594 116 60
594 132 70
594 145 110
594 165 170
594 207 120
594 247 40
594 251 80
594 260 120
594 289 140
595 70 20
595 147 30
595 174 120
595 241 110
596 29 20
596 49 200
596 119 200
596 127 100
596 142 60
596 211 100
596 218 30
596 237 50
596 280 160
597 18 170
597 41 70
597 45 60
597 53 80
597 65 30
597 68 110
597 74 40
597 154 70
597 182 170
597 184 70
597 190 200
597 227 20
597 244 190
598 65 40
598 70 50
598 76 90
598 112 80
598 184 140
599 92 130
599 119 30
599 148 40
599 150 100
599 156 60
599 244 60
599 284 50
600 20 190
600 164 70
600 231 170
600 299 40
600 300 80
