1000 1750
559 728
810 803
989 138
634 813
26 355
579 537
457 215
689 959
44 742
712 496
536 596
578 211
72 495
960 505
393 672
480 83
374 758
313 221
308 727
363 498
209 553
394 882
625 208
429 321
513 41
33 906
232 230
268 884
674 50
999 595
471 576
107 10
939 159
687 696
208 553
80 201
153 324
979 527
231 24
831 616
50 778
727 657
752 688
582 611
258 390
963 69
759 465
927 522
712 290
653 29
711 573
26 90
82 811
831 557
548 805
120 899
909 378
335 397
40 954
617 832
998 947
517 53
602 964
103 330
749 945
419 482
754 406
152 341
588 663
305 386
526 816
392 74
412 304
36 238
561 204
341 764
904 121
653 837
94 745
201 459
400 186
752 713
721 483
211 747
863 568
945 190
103 976
517 918
477 222
420 917
921 965
665 933
582 47
850 101
13 671
893 243
386 814
444 842
517 891
507 35
163 646
419 509
198 791
989 843
858 298
407 633
249 350
606 182
938 135
612 291
118 424
565 796
259 900
9 147
956 839
390 71
112 57
741 952
874 883
258 951
906 205
710 514
818 127
355 892
527 11
945 236
848 802
934 78
403 718
53 838
72 351
415 466
863 392
231 312
717 229
969 170
269 119
529 385
954 648
745 761
568 905
274 830
629 494
435 288
274 35
904 819
647 643
465 460
702 821
507 732
229 990
351 729
499 184
87 461
153 595
796 247
788 641
643 70
308 100
10 601
969 618
683 920
979 611
435 766
406 983
424 603
941 99
240 272
676 280
169 654
196 1
742 550
964 868
990 239
581 404
379 68
319 763
69 135
179 46
532 430
888 556
862 14
498 943
382 414
480 790
573 510
196 674
118 750
33 335
893 170
912 293
119 135
696 331
927 384
942 349
367 124
739 575
727 980
341 448
335 210
603 423
711 217
413 234
966 908
403 195
193 148
77 145
45 658
87 440
985 817
782 48
429 983
614 574
909 408
830 728
421 910
385 343
818 323
170 950
191 176
714 632
350 562
44 478
397 558
194 986
444 690
423 490
103 571
963 403
209 860
541 709
582 784
542 370
459 1000
359 17
400 651
990 622
466 575
397 533
466 424
163 296
51 504
842 570
891 684
601 340
289 913
266 975
687 974
670 780
487 316
969 104
444 210
941 720
622 624
641 430
680 356
572 600
563 398
240 62
416 787
872 242
927 980
14 696
445 890
146 172
566 245
169 104
412 907
430 892
776 919
920 518
120 57
292 867
515 453
358 75
805 722
256 165
603 799
927 239
745 786
408 652
113 500
218 88
9 903
249 52
696 351
461 637
324 957
99 568
451 925
850 297
560 977
297 900
185 364
614 75
197 845
498 522
648 799
899 703
522 725
674 197
942 197
519 395
850 650
145 65
474 534
178 251
319 323
977 603
9 620
28 437
165 520
518 126
393 489
540 621
575 447
959 375
561 203
650 667
947 295
862 540
625 944
400 895
274 623
918 962
201 746
429 583
921 696
710 10
78 983
100 686
563 464
266 370
40 161
568 813
764 30
458 202
711 5
330 303
622 66
50 856
47 709
51 65
152 178
989 840
671 19
863 282
999 864
818 701
839 772
776 431
778 923
725 547
716 642
975 155
527 447
103 699
999 196
190 241
877 543
382 46
939 644
817 201
172 286
903 626
251 463
385 622
600 627
832 495
969 90
884 696
236 39
499 85
198 992
862 856
578 400
710 295
444 138
471 202
100 984
176 671
308 34
485 765
478 271
9 469
822 577
904 901
117 873
999 533
683 636
407 362
749 61
619 997
767 174
428 829
746 59
359 333
947 869
46 539
909 291
863 857
218 859
385 886
859 381
117 448
520 357
620 92
310 63
954 307
119 286
349 130
850 483
843 539
359 46
803 889
451 948
345 339
341 703
870 835
406 459
806 599
206 369
268 279
198 182
228 368
865 733
120 807
464 635
332 707
297 271
748 302
822 596
199 762
882 89
515 422
341 316
169 938
774 377
618 919
477 248
505 715
927 9
553 125
651 837
258 395
1000 15
948 528
834 139
517 36
766 181
323 119
703 353
153 373
547 207
198 854
927 330
85 449
617 98
858 130
612 992
365 348
269 71
612 47
634 643
529 32
176 605
119 764
610 220
742 649
818 674
752 42
954 590
20 486
80 943
703 140
934 266
837 814
765 624
431 655
20 468
461 360
532 930
457 947
939 615
63 399
174 243
8 564
441 361
314 662
328 427
532 102
74 744
241 387
680 284
921 659
956 761
208 130
406 604
26 83
48 317
46 325
332 440
606 620
9 29
557 955
60 380
193 824
507 608
813 861
505 6
672 93
576 685
194 423
541 472
847 894
462 586
325 224
608 675
938 993
65 309
690 936
266 380
674 381
631 372
217 940
774 729
171 968
618 286
211 127
444 414
208 638
520 585
998 768
844 555
77 125
938 15
847 478
646 856
700 609
162 183
646 601
770 826
161 836
998 80
26 883
151 497
921 149
441 784
760 133
714 503
77 806
676 658
578 913
311 7
581 398
400 791
954 260
768 93
750 452
237 2
898 479
239 896
472 158
68 516
998 67
748 803
444 181
527 735
151 419
229 594
481 49
844 463
641 723
936 692
27 698
494 764
47 544
118 671
939 602
458 852
13 47
457 481
818 664
448 825
120 460
40 424
421 875
826 589
203 972
874 230
872 993
802 390
477 794
557 248
49 645
193 985
328 125
968 130
565 907
566 681
939 932
314 97
224 493
112 305
603 253
397 891
537 426
449 137
113 520
348 211
642 131
555 667
787 600
561 678
555 693
104 216
826 306
447 336
339 160
487 683
923 797
364 697
85 139
346 820
540 761
606 538
515 57
616 809
220 426
197 19
364 978
981 366
951 132
602 281
218 766
374 643
254 695
428 900
480 177
927 918
325 607
432 411
65 851
699 255
194 550
760 919
784 223
169 433
41 811
349 851
625 157
374 346
117 642
371 731
782 360
748 43
64 219
894 762
539 961
378 552
380 220
62 789
90 586
380 928
30 569
302 945
983 388
190 567
254 914
641 553
782 41
447 677
192 492
721 275
400 187
787 638
831 334
484 263
754 291
621 323
487 796
617 28
386 182
859 239
716 418
836 991
772 943
964 344
408 624
50 255
680 330
553 214
10 23
653 451
522 855
98 772
170 336
477 105
721 501
505 317
991 587
60 580
625 779
32 638
654 671
467 436
713 456
947 449
422 868
107 663
651 463
659 814
695 971
60 291
67 984
451 117
30 264
9 290
120 920
333 783
780 817
496 871
121 214
317 691
956 709
710 443
706 180
671 342
421 775
934 802
634 477
211 110
397 777
870 245
423 225
394 410
393 357
682 773
159 655
979 39
291 396
365 408
595 675
451 99
642 294
444 30
237 718
993 632
223 924
336 551
124 624
520 327
772 252
373 971
716 65
229 262
474 975
103 303
416 922
43 205
305 222
586 900
328 752
181 955
413 66
285 546
51 217
862 984
959 734
259 975
332 807
976 772
619 535
420 591
695 875
85 448
414 992
155 23
819 889
233 301
934 603
586 836
816 353
930 812
129 771
9 731
857 417
107 184
364 973
529 972
371 339
898 116
289 830
344 567
563 910
46 636
960 65
220 325
382 594
432 379
754 299
787 110
103 193
216 593
776 558
933 344
852 449
498 520
826 953
430 264
788 482
938 923
99 812
211 293
758 638
577 856
674 61
644 881
237 418
29 217
708 108
570 815
796 270
302 521
40 792
707 849
629 236
346 727
810 759
912 253
35 520
505 746
561 467
390 940
548 352
118 308
209 815
537 57
537 215
888 777
178 886
561 387
933 128
664 137
255 156
394 340
139 388
519 568
151 963
292 212
210 944
968 692
87 983
975 953
519 397
274 146
775 50
350 919
43 21
407 314
888 290
522 922
186 996
767 720
548 734
779 876
359 977
831 920
116 751
427 864
374 69
90 673
198 302
274 596
998 47
481 975
999 416
760 952
977 984
688 953
153 700
60 587
619 386
353 22
135 454
358 716
408 454
392 389
185 464
370 454
14 866
407 871
63 11
309 827
158 946
485 48
732 516
882 110
969 786
161 613
80 44
171 683
68 361
452 525
767 561
648 508
142 38
563 688
727 876
185 84
93 166
921 341
118 343
240 449
876 868
249 747
600 723
314 614
632 944
944 705
112 353
939 133
461 962
717 906
682 872
682 701
290 511
743 970
280 78
294 166
739 35
230 187
566 872
258 53
242 525
787 880
916 639
194 307
165 725
966 324
581 769
374 863
419 865
171 715
944 351
652 252
5 134
687 142
581 643
268 934
288 978
36 429
653 243
346 209
41 692
78 556
789 892
632 842
201 786
762 813
744 66
17 395
435 340
845 595
888 719
659 327
840 136
659 997
989 897
579 557
481 282
890 679
963 23
529 604
959 491
71 329
70 723
333 855
146 800
767 245
748 787
142 924
201 75
882 148
148 669
665 722
717 245
532 379
788 67
920 987
152 753
746 756
629 410
827 86
359 636
806 330
70 506
613 460
614 250
40 273
41 300
145 327
731 671
845 500
526 144
934 884
625 199
969 126
701 425
751 434
521 887
133 666
750 132
792 730
774 486
599 876
80 880
487 766
800 509
229 747
30 246
903 351
766 869
633 293
480 322
578 726
406 521
647 139
52 340
969 308
580 846
284 889
836 166
451 997
579 417
578 338
927 62
234 995
280 800
779 300
412 75
334 287
644 720
855 853
33 353
394 89
84 125
711 826
617 180
17 138
307 327
544 277
505 835
321 85
482 156
358 66
482 577
392 433
880 638
485 475
939 773
432 733
242 641
120 221
917 90
152 37
875 387
269 29
237 720
170 377
124 931
992 490
82 189
886 438
306 525
457 441
315 470
453 380
721 245
117 733
217 184
415 134
467 716
987 154
139 671
934 517
147 798
178 780
901 470
840 174
171 906
9 977
202 621
239 785
348 824
626 885
445 638
79 878
881 693
206 887
896 4
412 66
475 18
127 915
711 768
119 783
706 823
770 475
767 145
163 455
346 809
717 241
746 675
564 751
992 724
216 401
490 143
591 812
723 264
116 764
927 659
275 284
481 690
753 597
316 929
500 19
162 906
721 893
710 944
32 984
899 483
884 247
315 135
984 972
310 901
561 236
427 987
411 18
212 735
474 219
290 988
348 699
481 686
732 978
915 213
969 667
680 311
507 726
194 397
865 949
850 811
904 172
834 487
179 271
483 190
407 208
129 907
898 343
565 479
565 10
834 615
395 3
938 588
695 549
965 971
311 69
557 236
281 667
375 166
8 198
913 355
863 783
14 703
750 344
44 583
780 101
52 815
861 995
698 841
484 720
518 879
416 821
863 839
610 58
349 915
182 891
184 734
528 738
656 592
913 405
52 55
58 34
680 979
120 16
992 693
656 145
691 531
934 987
941 577
609 693
26 833
760 83
610 835
129 851
680 753
7 267
666 188
205 347
637 808
556 836
94 328
823 155
26 736
974 482
17 990
367 641
749 745
815 141
2 705
199 203
421 216
867 709
503 995
612 248
810 900
936 22
296 476
699 933
275 128
760 521
937 265
519 309
197 708
363 281
581 618
904 501
406 161
642 383
899 109
722 545
999 208
989 135
639 993
449 627
710 225
693 96
16 992
870 882
981 183
291 728
130 549
172 336
665 826
445 463
274 182
117 692
35 524
970 925
680 483
332 8
211 132
581 280
665 230
863 398
873 574
663 785
52 962
957 300
768 786
539 624
499 447
332 540
849 343
728 970
333 597
837 341
145 946
335 688
517 154
747 39
328 97
416 300
604 31
88 59
9 389
254 655
20 202
583 49
674 726
158 54
151 617
707 48
300 607
44 16
430 980
586 55
93 855
201 126
67 11
52 965
559 512
658 167
196 95
860 54
462 283
919 613
471 141
479 787
752 31
736 971
62 65
830 866
285 609
193 312
304 375
897 907
776 338
710 994
58 977
416 843
489 936
708 231
515 218
944 70
930 724
717 633
131 666
749 956
9 703
831 59
591 518
928 628
3 246
870 188
890 10
670 33
13 659
820 150
592 613
151 407
614 340
802 594
274 300
64 75
600 585
250 592
748 397
336 473
891 802
617 502
166 506
826 766
301 42
619 582
708 704
589 628
249 884
308 564
763 426
654 86
242 431
981 847
651 632
553 980
116 723
653 512
292 259
184 136
285 910
759 710
710 561
865 451
42 829
185 260
452 12
263 958
528 887
910 693
71 115
667 756
604 446
582 486
536 709
179 917
48 871
88 230
581 736
311 381
670 904
322 360
253 111
706 556
440 611
656 297
133 241
486 337
311 833
403 2
113 658
363 365
290 30
29 671
466 919
519 600
541 146
495 443
302 795
211 173
953 261
634 524
260 931
174 652
339 518
435 333
602 89
344 15
844 85
768 761
29 533
992 949
445 166
612 896
174 24
104 946
119 673
416 719
900 32
467 325
51 665
566 214
199 244
254 216
289 704
392 732
843 278
548 524
698 696
80 639
606 15
291 1000
494 667
305 838
294 320
999 956
767 363
503 740
210 745
163 946
397 779
53 855
147 368
818 477
643 1000
305 395
358 375
429 207
897 144
820 344
170 267
313 32
698 65
541 374
465 645
67 825
313 548
503 836
151 772
863 562
505 807
209 243
981 176
655 902
857 855
300 828
279 738
395 705
515 716
281 685
741 995
743 796
350 803
649 22
151 88
259 124
589 19
612 930
283 418
146 875
470 864
484 740
702 292
919 235
803 531
688 210
428 424
933 637
880 692
7 795
14 530
34 856
35 423
629 707
494 866
107 995
775 316
742 242
470 186
148 401
465 591
322 158
441 751
934 139
428 698
358 836
475 628
94 442
939 500
956 122
259 583
408 799
684 594
201 68
176 603
334 557
910 422
8 344
428 786
375 401
406 601
653 922
94 340
319 627
279 104
221 584
266 85
657 886
750 466
899 381
436 887
566 22
170 490
744 746
238 550
487 951
40 318
269 582
739 966
319 297
613 926
581 312
690 506
678 514
708 469
610 407
310 889
220 470
116 459
579 322
829 446
445 175
981 832
622 567
751 56
709 132
845 795
505 15
310 171
743 521
440 409
48 303
431 841
817 459
333 839
42 961
153 66
307 983
129 754
787 537
467 646
268 452
113 728
457 812
682 45
573 636
432 440
455 965
519 143
366 627
508 224
87 851
519 828
17 895
562 309
478 156
403 245
117 404
189 591
790 661
41 598
474 406
26 116
343 423
504 329
759 372
273 446
96 164
308 570
87 272
332 631
934 824
856 603
127 351
254 261
791 460
350 825
469 627
293 910
144 54
596 213
218 254
366 951
696 855
545 200
550 446
350 479
994 212
400 539
163 300
920 436
422 71
556 156
707 605
667 652
874 522
413 849
87 123
965 697
97 402
900 933
632 461
100 425
316 724
506 946
13 251
315 878
870 708
629 690
364 109
371 701
568 248
989 42
256 50
568 795
178 830
443 468
962 140
291 143
706 656
555 131
29 123
178 133
40 781
27 148
131 703
82 728
255 96
435 597
154 438
609 123
743 759
811 329
909 168
942 135
38 188
581 926
631 322
282 325
761 911
117 993
118 404
767 227
128 961
811 761
369 841
541 457
465 523
568 666
956 78
974 336
606 63
299 65
356 130
910 730
163 922
163 691
398 747
466 645
556 798
38 615
350 520
444 215
187 672
392 615
153 253
430 591
382 1000
338 166
147 139
362 946
899 296
921 84
557 402
365 550
457 582
112 425
97 140
534 779
238 988
471 837
299 511
17 648
689 618
579 934
19 357
653 957
998 627
578 921
739 201
245 854
335 498
602 760
372 19
555 271
509 182
124 733
623 957
297 970
386 188
310 999
746 452
94 786
530 886
472 298
663 657
135 188
721 351
133 697
332 32
545 387
319 718
80 80 20 90 70 80 100 10 90 60 20 100 20 50 70 10 90 30 100 30 30 80 60 100 50 10 80 10 10 10 20 50 60 60 20 40 50 30 10 80 60 10 40 80 60 40 100 70 40 30 90 40 80 70 40 20 90 40 100 40 100 50 40 70 40 60 90 20 10 70 80 10 90 30 100 70 50 90 80 90 40 100 70 20 50 90 50 70 90 90 70 50 10 80 40 80 10 70 100 70 80 70 60 80 70 10 80 10 90 50 60 60 80 10 80 30 90 40 60 90 60 100 90 50 30 30 40 60 50 80 20 100 10 40 40 10 70 50 100 10 40 60 60 90 90 20 90 80 100 70 70 100 10 40 50 20 90 10 60 80 100 50 30 60 10 10 20 30 20 20 60 60 30 40 10 40 30 80 80 20 40 70 100 50 30 40 60 20 50 100 30 80 10 70 80 90 30 10 60 100 20 60 100 60 40 30 50 100 80 20 60 50 20 50 20 80 50 30 20 10 50 70 40 10 60 40 100 60 90 100 10 80 90 50 60 70 10 40 10 70 20 70 100 40 40 20 100 60 20 20 80 30 60 50 90 60 70 70 10 90 90 90 10 50 100 20 80 40 90 50 60 90 50 40 60 90 100 70 80 100 60 90 70 70 20 30 30 70 10 80 10 20 10 90 40 90 10 20 40 100 50 80 100 40 40 40 50 20 70 50 70 80 30 70 30 100 10 100 90 60 90 80 30 10 40 30 80 40 100 40 100 50 80 10 60 60 100 60 80 50 70 80 60 20 70 90 60 100 80 30 90 10 10 100 40 100 30 100 100 100 20 50 30 80 80 90 70 50 90 20 40 60 100 50 30 90 90 20 90 20 30 10 100 100 10 50 90 90 40 50 20 10 70 10 80 10 90 100 30 30 70 50 70 70 90 70 10 80 80 70 20 60 80 80 10 20 30 100 20 80 10 10 70 50 90 40 20 60 30 20 40 70 70 80 30 10 10 50 50 10 60 50 70 40 60 90 80 50 50 10 40 60 20 30 40 10 90 20 50 70 20 50 60 10 70 100 70 20 100 30 50 30 30 90 20 40 80 10 90 50 30 90 20 90 20 60 100 30 20 20 30 80 90 60 90 50 10 20 20 70 80 30 10 60 10 80 100 80 100 30 90 40 10 40 80 80 10 80 70 50 100 40 10 90 80 70 10 90 40 50 100 30 90 70 60 80 100 10 50 40 40 20 30 80 20 40 30 20 30 100 10 70 90 100 100 70 30 90 80 50 60 60 40 80 90 30 50 50 10 60 80 30 40 50 20 30 10 20 70 70 70 50 30 30 30 100 20 40 60 40 80 10 10 30 90 60 60 40 10 10 50 80 100 10 40 50 30 90 10 10 70 10 100 80 80 100 40 30 40 90 20 90 50 70 60 90 50 50 40 40 50 100 60 60 40 30 90 90 20 40 60 80 80 70 20 20 50 30 90 50 90 10 70 70 70 60 100 20 10 30 10 60 10 10 60 50 60 60 20 80 50 20 30 20 20 40 90 80 60 20 10 70 40 80 50 50 60 50 100 80 20 30 50 30 70 40 80 80 100 40 70 100 50 60 60 90 90 100 30 50 40 40 80 10 70 20 80 80 100 40 30 80 40 30 80 100 40 60 40 60 40 30 40 100 10 80 30 30 80 60 100 90 80 30 40 60 100 70 60 50 80 40 80 50 90 90 70 20 50 40 100 80 40 20 40 30 10 80 50 90 60 20 100 50 60 10 40 50 60 90 40 90 90 70 40 30 80 70 10 60 60 80 50 100 100 40 50 60 20 100 40 50 60 40 50 20 100 40 100 10 20 10 50 60 40 50 100 100 40 30 20 10 80 60 80 50 30 10 30 20 50 80 40 80 90 40 30 70 70 40 100 70 10 40 80 70 30 40 30 70 100 30 100 30 20 30 90 100 40 60 50 20 20 100 30 30 30 20 40 90 60 30 70 60 10 60 90 70 100 40 50 20 30 10 20 70 100 60 70 60 40 90 70 10 40 80 40 90 100 20 100 70 80 90 70 70 30 60 60 70 80 100 60 40 70 30 40 70 20 10 30 100 70 40 70 70 60 90 80 90 10 100 20 40 30 30 70 100 100 20 40 60 40 20 60 90 100 70 20 100 90 30 40 90 90 90 100 30 20 70 30 90 90 90 10 80 30 50 50 40 60 40 30 30 20 10 20 50 90 50 40 100 30 80 40 80 30 100 70 70 80 90 90 100 90 90 70 40 40 100 
400
0 0 40 40 60 0 60 60 60 80 0 60 40 80 80 20 20 20 80 80 60 20 0 80 40 60 80 20 60 80 80 20 80 40 80 80 0 60 60 60 20 0 60 80 80 60 40 60 20 0 20 40 0 40 20 0 80 40 40 80 80 40 80 40 60 60 0 80 60 0 0 80 40 0 40 20 0 40 80 60 20 60 0 60 0 0 60 0 20 40 40 20 80 20 60 20 0 80 40 80 80 60 40 60 20 0 40 60 20 40 60 40 20 80 0 60 20 40 60 0 20 40 60 80 40 20 80 60 80 40 60 20 60 20 20 40 20 60 80 20 80 60 40 80 80 20 80 40 80 80 80 0 20 20 20 20 80 60 60 20 0 20 20 60 60 20 80 0 80 40 0 0 40 40 20 80 20 60 0 20 60 80 0 80 20 80 20 20 0 80 20 20 60 0 60 80 40 60 20 20 80 80 40 20 80 60 80 20 80 20 0 80 60 80 80 80 80 80 0 80 20 40 20 20 80 0 60 40 60 20 60 80 0 80 40 20 20 40 80 0 80 0 60 0 80 40 60 40 20 40 20 40 20 40 0 40 60 40 80 60 20 20 80 40 20 60 0 40 20 0 20 0 20 60 40 20 0 40 80 40 60 80 40 0 40 20 60 40 20 40 60 80 40 60 80 40 40 40 40 40 20 80 0 40 20 40 60 0 40 0 0 80 20 80 80 40 20 80 80 20 40 80 0 20 40 40 20 40 40 0 0 0 40 20 20 80 80 80 80 60 20 0 60 80 80 0 0 80 40 60 60 80 40 20 60 80 20 80 20 80 20 80 40 60 20 20 40 60 40 60 20 40 0 40 40 60 80 0 60 40 80 0 60 40 0 40 60 40 0 0 20 40 0 80 40 80 80 40 0 80 
4031
1 84 30
1 117 170
1 133 70
1 201 190
1 301 120
2 48 200
2 66 20
2 203 140
2 228 150
2 329 70
2 348 160
2 393 10
3 42 80
4 61 180
4 202 200
4 289 190
4 385 100
5 80 80
5 282 150
5 305 160
5 354 190
6 49 190
6 52 60
6 136 30
6 201 100
6 365 10
7 157 190
7 344 80
7 398 50
8 25 30
8 162 100
8 236 80
8 238 100
8 329 100
9 53 190
9 116 40
9 175 70
9 180 190
9 250 180
9 320 30
9 350 200
10 32 170
10 54 140
10 160 50
10 187 180
10 199 130
11 84 60
11 273 30
12 32 140
12 212 200
12 278 150
12 302 40
12 340 110
13 60 80
13 222 20
13 300 200
14 6 30
14 44 110
14 203 200
14 314 40
14 375 30
14 376 10
15 151 200
15 333 90
16 45 120
16 46 200
16 171 160
16 293 170
16 365 150
17 22 70
17 124 40
17 287 70
18 17 70
18 65 200
18 139 190
18 170 160
18 266 20
18 329 180
18 382 120
19 77 30
19 243 140
19 249 50
20 13 120
20 23 120
20 29 190
20 113 40
20 172 30
20 219 190
20 265 190
20 329 170
20 388 20
21 58 10
21 146 30
21 340 10
22 151 110
23 185 70
23 186 160
23 371 90
24 136 50
24 149 110
24 150 160
24 219 130
24 322 160
24 326 50
24 333 200
25 36 140
25 110 150
25 138 190
25 196 100
25 200 80
26 4 180
26 34 100
26 54 130
26 75 120
26 107 10
26 143 10
26 169 100
26 260 110
27 23 170
27 42 90
27 259 80
27 320 180
27 325 200
27 369 100
27 370 100
28 136 170
28 214 50
28 241 50
29 23 160
29 63 100
29 100 50
29 185 100
29 290 190
29 298 80
29 310 110
29 382 70
30 233 120
30 251 110
30 278 140
30 388 180
31 156 100
31 264 80
31 329 160
32 7 100
32 80 30
32 123 120
32 140 100
32 173 190
32 258 140
32 340 200
33 213 120
33 233 170
33 274 30
34 38 160
34 66 20
34 73 120
34 82 100
34 102 20
34 119 10
34 222 120
35 23 200
35 136 60
35 137 40
35 145 90
35 203 80
35 300 60
36 59 50
36 72 200
36 199 50
36 221 150
36 222 190
36 326 130
37 26 20
37 181 190
37 217 50
37 231 100
37 359 120
38 90 40
38 250 200
38 251 140
38 346 100
39 180 30
39 189 170
39 313 140
39 318 120
40 5 50
41 9 120
41 30 100
41 96 110
41 156 90
41 289 150
41 333 130
41 386 150
42 37 10
42 157 60
43 168 150
43 226 10
44 59 40
44 107 200
44 197 100
45 29 30
45 92 30
45 94 150
45 243 40
45 329 170
46 331 170
46 351 20
47 188 50
47 189 60
47 290 50
47 367 100
48 36 70
48 94 180
48 111 200
48 116 180
48 239 190
48 289 20
48 305 160
49 190 50
49 191 100
49 201 130
49 203 10
49 208 160
49 213 80
49 271 190
49 362 70
49 388 120
50 369 110
51 22 50
51 248 70
51 280 190
51 289 110
51 357 60
52 157 100
52 163 110
52 226 120
52 246 120
52 267 90
52 307 140
52 308 130
52 327 130
52 385 100
53 45 100
54 263 140
54 319 30
55 39 180
55 69 110
55 161 30
55 184 180
55 331 100
55 347 120
55 376 200
55 395 100
56 80 60
56 87 90
56 105 60
56 110 140
56 162 30
56 207 100
57 14 50
57 141 50
57 349 180
58 12 190
58 17 110
58 179 60
58 284 80
58 299 50
58 362 200
59 50 150
59 269 10
59 287 80
60 91 20
60 165 190
60 345 160
60 381 190
60 388 80
61 15 150
61 18 60
61 35 130
61 77 190
61 110 100
61 354 10
63 150 160
63 156 120
63 265 120
63 358 80
64 74 90
64 303 80
64 351 120
65 65 170
65 66 120
65 343 10
66 3 110
66 78 70
66 97 90
66 215 20
66 231 10
66 332 80
67 221 150
68 247 180
68 265 80
68 388 50
68 391 100
69 108 120
69 124 100
69 179 160
69 208 20
69 240 170
69 260 70
69 371 140
70 107 120
70 140 180
71 174 110
71 251 10
72 60 150
72 91 50
72 376 190
73 66 160
73 140 40
73 211 170
73 364 150
73 400 190
74 22 60
74 232 60
75 41 200
75 112 20
75 139 170
75 172 190
75 230 120
75 260 160
75 381 10
76 35 170
76 74 140
76 136 160
76 143 60
76 170 90
76 194 130
76 232 110
77 250 40
77 341 80
78 187 170
78 347 150
79 155 30
79 156 60
79 274 140
79 348 120
80 25 200
80 50 100
80 128 190
80 153 130
80 213 30
80 262 130
80 270 180
80 338 140
80 371 150
81 99 180
81 128 150
82 83 20
82 184 80
82 217 110
82 240 150
82 287 190
82 291 40
82 361 100
83 211 150
83 362 50
83 394 180
84 187 150
84 206 140
84 367 20
84 374 10
85 279 200
85 384 10
86 97 130
86 127 10
86 138 180
86 142 200
86 325 190
87 108 10
87 118 200
87 136 110
87 171 110
87 264 140
88 210 160
88 384 100
89 127 180
89 140 20
89 308 200
90 23 60
90 40 150
90 172 80
90 219 140
90 245 70
91 32 20
92 103 40
92 124 20
92 129 200
92 138 190
92 142 90
92 315 20
92 357 190
92 385 10
93 50 170
93 288 60
93 312 190
94 36 160
94 221 70
94 290 110
94 369 180
95 203 120
95 317 190
95 370 40
96 8 200
96 24 90
96 45 50
96 78 130
96 99 110
96 307 20
96 390 150
97 118 200
97 194 90
97 321 100
98 67 200
98 133 30
99 299 90
99 345 150
99 378 30
100 2 200
100 68 160
100 72 80
100 214 130
100 260 80
100 295 130
100 326 70
101 123 140
101 344 200
102 16 130
102 30 170
102 56 80
102 149 130
102 210 50
102 213 200
102 252 150
102 281 70
102 290 130
102 316 10
103 21 100
103 133 190
103 167 60
103 249 50
104 51 200
104 94 140
104 199 150
104 222 200
104 391 140
105 49 60
105 121 60
105 209 170
106 166 190
106 315 150
106 358 160
107 3 170
107 8 80
107 213 150
107 284 30
107 297 110
108 46 110
108 270 30
108 314 100
108 343 150
109 96 40
109 122 80
109 205 130
109 270 130
110 257 150
111 13 120
111 31 190
111 214 70
112 74 50
112 177 120
112 210 60
112 240 40
112 350 110
112 387 40
113 65 180
113 382 200
114 102 60
114 110 40
114 274 90
115 156 30
115 297 110
115 388 80
116 179 80
116 190 180
116 203 90
116 285 150
116 330 70
117 40 140
118 6 200
118 248 70
118 259 80
119 104 50
119 138 190
119 190 180
119 207 70
119 208 60
119 212 70
119 343 30
120 248 80
121 68 10
121 84 160
121 157 150
121 399 150
122 25 50
122 30 130
122 119 110
122 148 150
122 198 200
122 245 110
122 283 100
123 54 10
123 80 40
123 112 80
123 313 200
123 330 160
123 373 150
124 17 130
124 36 170
124 43 160
124 93 100
124 379 120
125 33 140
125 106 50
125 124 150
125 267 90
125 358 70
125 396 170
126 111 170
126 280 90
126 288 50
126 298 170
126 300 160
126 335 200
126 354 170
127 94 120
128 121 20
128 225 40
128 281 50
128 359 50
129 73 40
129 171 20
130 66 130
130 183 170
130 220 150
130 336 60
131 127 90
131 137 10
131 209 80
131 217 110
132 166 100
132 234 90
133 182 80
133 220 200
133 288 160
133 332 70
134 122 30
135 20 20
135 43 190
135 318 180
135 323 100
136 5 160
136 112 170
136 144 140
136 177 100
136 312 40
136 344 130
137 58 50
137 101 120
137 106 70
137 194 180
137 210 50
137 253 120
137 262 60
137 372 60
138 119 70
138 223 200
139 32 150
139 33 20
139 93 180
139 187 90
139 230 100
140 31 140
141 28 40
141 271 20
141 286 120
141 304 190
141 308 60
141 326 60
141 379 80
142 8 50
142 121 150
142 308 10
142 391 140
143 201 140
143 381 70
144 399 140
145 176 160
145 180 160
145 345 20
146 85 90
146 263 10
147 33 180
147 241 80
147 270 70
148 12 100
148 88 200
148 127 70
148 257 120
148 269 90
149 314 110
150 5 200
150 157 90
150 162 30
151 66 30
151 118 130
151 122 80
151 130 30
152 72 10
152 340 100
152 367 180
152 400 160
153 60 140
153 123 80
153 164 190
153 194 150
153 340 10
154 92 40
154 128 90
154 140 10
154 182 100
154 234 130
155 51 130
155 293 130
156 40 70
156 144 120
156 194 100
156 269 110
157 27 100
157 125 160
157 186 180
157 192 50
158 46 120
158 69 120
158 295 180
158 310 180
158 327 20
159 76 150
159 106 130
159 124 10
159 234 20
159 269 180
159 370 150
160 16 190
160 81 30
160 107 100
160 124 180
160 165 60
160 216 10
160 257 200
160 283 200
161 21 120
161 152 120
161 377 130
162 79 190
162 182 150
162 269 190
162 325 130
162 348 120
163 49 50
163 297 40
163 382 180
164 7 130
164 52 190
164 357 40
164 381 80
165 94 100
165 148 190
165 204 190
165 224 90
165 328 170
166 168 80
166 211 10
166 234 200
166 379 150
167 90 120
167 181 120
167 382 110
168 4 70
168 195 150
168 284 40
169 265 180
169 312 190
169 360 40
170 202 120
170 385 110
171 40 180
171 226 120
171 257 170
171 322 10
171 381 40
172 104 160
172 155 30
172 213 160
172 237 70
172 286 100
172 319 30
172 385 80
173 8 30
173 46 140
173 106 30
173 107 90
173 118 50
173 119 130
173 187 60
173 230 90
173 238 40
173 296 60
173 321 50
173 362 70
174 49 170
174 203 160
174 297 10
175 43 130
175 200 130
176 42 140
176 75 20
176 96 110
176 104 200
176 222 150
176 259 140
176 306 170
176 362 130
176 375 70
176 387 190
177 73 70
177 120 110
177 185 90
177 270 50
177 307 50
177 392 30
178 38 150
178 85 120
178 265 30
178 359 190
179 46 110
179 49 80
179 157 170
180 173 160
180 238 80
180 382 180
181 142 20
181 166 90
181 226 150
182 141 150
182 172 160
182 193 150
182 195 110
182 233 50
182 297 190
182 312 150
182 322 180
182 332 190
183 34 10
183 204 20
183 222 190
183 232 130
183 284 200
184 53 10
184 197 70
184 225 130
184 276 100
184 336 30
184 358 180
184 375 80
184 377 110
185 186 200
185 224 80
186 8 140
186 109 160
186 150 200
186 193 100
186 322 100
186 336 180
186 393 80
187 162 120
187 322 90
188 67 150
188 150 60
188 222 100
188 382 110
188 390 180
189 50 50
189 60 160
189 62 190
190 134 120
190 206 110
190 231 180
190 343 100
191 142 200
191 150 200
191 190 170
192 14 90
192 164 60
192 318 200
193 90 100
193 199 60
193 248 60
193 287 110
194 103 50
194 183 40
194 345 10
194 359 190
195 158 100
195 189 150
196 37 140
196 391 170
197 181 190
197 204 40
197 283 60
198 144 140
198 175 200
198 313 130
199 38 30
199 87 170
199 113 110
199 152 100
199 183 20
200 146 170
200 202 200
200 211 190
200 342 100
201 193 50
201 200 60
201 241 200
201 294 50
201 382 80
202 178 200
203 52 200
203 231 50
203 265 170
203 390 130
203 392 120
204 36 80
204 74 50
204 168 100
204 301 70
205 26 150
205 62 100
205 254 190
206 127 200
206 364 60
207 23 100
207 371 50
207 376 110
208 12 200
208 106 10
208 228 110
208 249 170
208 293 40
209 107 40
210 45 80
210 291 170
210 398 110
211 140 30
211 238 90
211 292 60
211 364 140
211 371 80
212 73 170
212 159 200
212 194 110
212 234 100
212 291 90
212 298 160
212 346 200
212 363 150
213 68 130
213 79 200
213 206 110
214 45 80
214 61 120
214 133 70
214 178 80
214 188 80
214 249 160
214 333 80
215 38 120
215 143 50
215 181 20
215 348 130
216 221 120
216 285 100
216 365 30
217 47 100
217 318 60
219 37 60
219 111 60
219 164 60
219 290 20
220 5 190
220 18 180
220 29 140
220 233 100
220 286 160
220 315 60
220 338 200
220 371 10
221 289 180
221 330 10
221 398 170
223 43 170
223 118 70
223 167 60
223 233 80
223 371 190
223 389 110
224 19 120
224 20 160
224 292 50
224 343 60
225 98 140
225 117 140
225 120 110
225 190 60
225 311 40
225 377 140
226 44 60
226 264 20
226 345 70
227 19 60
227 53 70
227 130 190
227 141 10
227 280 60
227 323 180
227 382 160
228 10 30
229 69 80
229 181 160
229 363 130
230 3 200
230 93 200
230 242 170
230 363 120
231 14 120
231 186 80
231 289 60
232 95 130
232 110 50
232 314 80
233 99 20
233 126 160
233 131 150
233 161 80
233 194 130
233 317 150
234 13 60
234 55 40
234 57 20
234 124 150
234 130 150
234 133 190
234 181 140
234 189 30
235 234 190
235 254 80
235 341 180
235 378 110
236 25 120
236 376 190
237 45 100
237 121 170
237 123 30
237 387 180
238 266 190
238 314 90
239 269 50
239 273 200
240 167 170
240 230 50
240 235 100
240 380 140
241 229 170
241 253 130
241 278 50
241 309 60
241 377 90
242 92 110
242 274 70
242 313 10
242 318 30
242 394 60
243 101 120
243 216 60
243 347 60
244 184 70
244 277 140
244 360 90
245 12 200
245 113 80
245 119 70
245 205 90
245 222 140
245 244 10
245 354 110
245 380 110
246 13 10
246 108 30
246 263 130
246 317 170
246 359 100
247 53 120
247 72 170
247 160 200
247 262 30
247 272 170
247 309 200
248 93 40
248 160 20
248 282 70
248 314 50
250 56 160
250 103 150
250 227 40
250 313 110
251 15 140
251 124 140
251 137 190
251 234 50
253 281 10
253 391 180
254 90 160
255 99 100
255 330 170
256 53 150
256 104 10
256 222 140
256 292 120
256 376 50
257 66 20
257 143 80
257 397 130
258 7 200
259 10 180
259 144 140
259 339 100
260 217 80
260 246 80
261 15 80
261 85 60
261 183 200
261 194 120
261 212 150
261 304 150
261 330 170
261 332 160
261 384 150
261 386 90
262 67 130
262 164 170
262 182 170
263 43 10
263 157 130
263 187 110
264 28 160
264 104 170
264 121 80
264 260 80
264 311 140
264 348 120
265 151 200
265 222 160
265 287 150
266 9 10
266 114 100
266 192 80
266 354 140
267 5 160
267 68 90
267 109 200
267 130 100
267 345 90
268 30 90
268 32 20
269 6 160
269 219 60
269 238 10
270 16 70
270 57 170
270 231 110
270 237 70
271 7 10
271 173 160
271 178 50
271 352 110
271 382 170
272 135 130
272 144 60
272 298 90
272 340 200
272 383 30
273 96 40
273 292 130
273 337 160
274 178 110
274 205 110
274 230 20
274 252 120
274 291 170
275 151 90
275 164 140
275 256 200
275 291 170
275 347 180
276 37 150
276 74 50
276 93 60
276 97 140
276 198 10
276 270 130
277 32 140
277 72 40
277 289 110
277 299 140
277 300 80
278 11 60
278 50 20
278 195 190
278 199 40
278 278 170
278 297 130
279 19 20
279 356 180
280 20 50
280 103 200
280 223 60
280 296 140
280 324 40
281 23 30
281 118 110
281 255 90
281 364 110
282 48 110
282 92 80
282 99 40
282 141 100
282 308 190
282 395 130
283 179 80
283 383 200
284 64 120
284 112 180
285 90 200
285 118 120
285 346 60
286 186 110
286 199 110
286 222 50
286 339 10
287 10 150
287 17 200
287 40 40
287 88 150
287 162 70
287 263 180
288 6 20
288 314 10
288 393 170
289 3 190
289 138 60
289 242 20
289 306 10
289 323 70
289 337 110
290 239 170
290 333 70
291 93 50
291 305 170
292 12 80
292 156 20
293 140 60
293 366 200
294 20 100
294 40 140
294 55 50
294 148 160
294 200 150
294 216 70
294 307 80
295 295 80
295 311 140
295 384 90
296 92 180
296 108 200
296 197 60
297 93 50
297 131 180
297 141 130
297 389 110
298 235 110
298 255 60
298 269 30
298 298 130
299 37 170
299 162 160
299 247 10
299 383 200
300 5 100
300 61 110
300 176 80
300 211 70
300 280 120
300 298 70
300 308 20
300 315 150
300 335 170
300 356 10
300 381 180
301 2 60
301 15 200
301 143 140
301 180 30
301 216 120
301 238 60
301 308 30
301 375 150
302 179 190
302 196 120
302 342 60
302 347 150
302 374 90
303 33 160
303 77 190
303 173 70
303 205 100
303 219 60
303 315 40
303 370 140
304 8 200
304 55 120
304 69 190
305 9 20
306 112 170
307 6 130
307 91 170
307 212 60
307 263 170
307 343 90
308 79 30
308 126 130
308 194 120
308 266 170
308 308 80
308 328 50
309 30 180
309 174 170
309 250 150
309 284 70
309 388 190
309 390 100
310 149 180
311 126 200
311 192 190
311 223 200
311 368 120
312 62 140
312 367 130
313 69 150
313 121 130
313 168 80
313 391 140
314 324 110
315 204 40
315 279 150
315 298 60
316 34 20
316 99 70
316 180 180
316 350 190
316 359 40
317 20 120
317 254 160
317 264 160
318 179 10
318 206 200
319 52 190
319 326 70
319 389 80
320 171 60
320 326 20
320 334 190
320 375 10
320 394 50
321 320 50
321 328 10
321 357 60
321 391 90
322 156 160
322 258 100
322 278 180
323 10 70
323 71 30
323 188 60
323 307 60
324 93 30
324 124 150
324 232 150
324 272 140
325 33 70
325 70 110
325 101 10
325 249 130
325 258 10
325 269 130
325 284 20
325 302 80
326 3 200
326 10 130
326 103 120
326 134 150
326 135 200
326 167 130
327 10 60
327 31 120
327 122 10
327 158 170
327 163 40
328 32 90
328 58 20
328 223 60
328 261 80
329 113 30
329 128 10
329 133 60
329 154 180
329 197 120
329 330 200
330 18 190
330 57 40
330 91 180
330 274 30
331 85 190
331 261 120
332 77 160
332 99 10
332 100 150
332 207 180
332 262 80
332 284 80
332 388 30
333 19 30
333 103 60
333 134 190
333 181 40
333 206 60
333 244 130
334 248 170
334 259 10
334 284 60
335 111 130
335 138 170
335 171 20
335 222 170
336 84 100
336 266 170
336 319 70
337 34 150
337 68 140
337 87 20
337 183 50
337 371 190
338 54 30
338 321 10
339 11 100
339 146 90
339 166 30
339 304 10
340 8 30
340 29 80
340 48 140
340 65 170
340 197 140
340 269 140
341 9 150
341 75 180
341 78 180
341 138 140
341 165 30
342 22 100
342 128 100
342 183 60
343 16 80
343 296 190
344 48 10
344 80 60
344 83 10
344 117 180
344 163 80
344 208 40
344 374 180
345 287 100
345 304 110
345 348 80
345 357 20
346 228 30
346 346 70
347 106 170
347 134 170
347 206 190
347 237 140
347 309 130
348 86 60
348 116 130
348 275 110
348 297 110
348 365 150
348 391 30
349 93 190
349 203 60
350 13 170
350 116 140
350 134 150
350 147 110
351 12 80
351 30 190
351 390 190
352 209 50
352 309 20
353 4 30
353 125 50
353 190 200
353 238 20
353 350 70
353 370 180
354 128 170
354 156 90
354 268 40
354 338 30
355 54 170
355 178 90
355 269 200
356 120 160
356 153 110
356 193 120
356 221 60
357 49 110
357 184 140
357 227 100
357 288 50
357 387 70
358 326 80
358 329 180
359 31 20
359 88 100
359 128 190
359 184 70
359 248 190
359 331 120
360 109 160
360 170 110
360 365 180
361 34 120
361 71 70
361 94 40
361 112 40
361 144 90
361 178 80
361 235 120
361 256 50
361 281 130
361 357 130
361 384 70
362 6 190
362 8 180
362 64 50
362 347 200
362 382 120
363 364 150
364 84 50
364 87 180
364 202 120
365 118 60
365 265 140
365 312 120
366 179 190
366 192 140
366 358 110
366 387 20
366 399 80
368 220 20
368 242 180
368 252 40
368 282 80
369 21 130
369 220 50
369 291 190
369 344 30
370 90 70
370 182 20
370 243 120
371 87 110
371 231 20
371 305 140
372 177 80
372 298 60
373 104 60
373 173 100
373 221 90
373 223 140
373 309 110
373 391 80
374 84 180
374 138 70
374 183 130
374 300 120
374 380 110
375 39 60
375 61 50
375 179 100
375 206 30
376 123 120
376 167 90
376 308 140
376 327 140
376 376 160
377 121 170
377 142 170
377 164 180
377 265 20
378 110 120
378 138 160
378 223 120
378 283 20
378 349 180
379 90 190
380 144 110
380 219 200
380 274 180
380 319 50
380 337 170
380 390 50
381 206 100
381 358 20
382 3 160
382 31 70
382 215 30
382 221 180
382 308 20
382 365 10
382 377 70
382 380 70
383 2 190
383 110 160
383 219 130
383 267 100
383 323 130
383 346 110
384 35 30
384 119 60
384 202 170
384 242 30
384 311 80
385 4 50
385 156 190
385 217 180
385 267 90
385 272 100
385 392 170
386 60 130
387 119 20
387 201 170
387 206 100
388 97 30
388 105 100
388 175 50
388 188 150
388 206 30
388 209 120
388 320 140
388 395 120
389 6 60
389 14 80
389 94 80
389 174 30
389 270 160
389 294 20
389 370 190
390 103 70
390 158 160
390 193 130
390 224 120
390 276 160
390 298 90
390 313 110
390 320 70
390 390 190
391 207 70
391 252 80
391 265 90
391 333 100
391 382 160
392 205 100
392 231 40
392 254 170
393 141 20
393 227 150
394 66 80
394 94 110
394 106 10
394 153 160
395 22 90
395 103 120
395 182 180
395 246 160
395 294 20
397 37 190
397 213 70
397 251 90
397 265 130
397 282 90
397 396 200
398 30 160
398 52 150
398 368 140
398 379 180
399 32 180
399 120 140
399 228 160
399 264 170
399 302 200
399 393 20
400 164 40
400 165 20
400 265 170
401 248 130
401 272 20
402 56 200
402 57 40
402 294 20
402 335 140
403 314 110
403 344 20
403 360 160
404 32 30
404 147 170
404 157 170
404 186 110
404 342 140
405 182 140
405 245 110
405 271 10
406 24 130
406 141 40
406 188 110
407 166 100
407 308 120
408 127 110
408 136 70
408 266 180
408 324 70
409 49 200
409 91 160
409 339 170
410 125 70
410 137 110
410 213 130
411 8 10
411 98 10
411 279 70
411 342 190
411 346 60
412 25 50
412 54 30
412 138 190
412 144 200
412 224 60
412 229 60
412 275 40
412 295 160
412 298 120
413 38 170
413 62 160
413 155 160
413 248 120
414 393 170
415 116 80
415 214 190
415 244 10
415 400 120
416 39 130
416 164 140
416 165 180
417 14 130
417 37 200
417 252 130
417 254 160
417 293 70
417 371 150
418 77 160
418 123 20
418 165 80
418 196 70
418 320 10
418 387 60
419 148 170
419 321 30
419 353 170
420 168 160
420 232 140
420 265 200
421 53 50
421 149 120
421 341 160
421 357 30
422 189 90
422 400 80
424 40 80
424 109 70
424 133 160
424 236 190
425 106 180
425 149 160
425 155 80
425 174 130
425 184 180
425 210 20
425 255 60
425 272 110
426 96 20
426 182 50
426 396 30
427 97 180
427 102 170
427 241 90
427 370 80
428 261 160
429 250 20
429 374 90
430 40 140
430 62 170
430 90 100
430 117 150
430 227 150
431 44 120
431 83 50
431 103 170
431 160 110
431 398 180
432 227 190
432 318 10
433 83 100
433 86 50
433 317 140
433 329 120
434 20 60
434 89 160
434 153 10
434 230 150
434 257 110
434 317 80
434 322 70
434 348 10
435 172 160
435 259 70
435 303 140
435 325 50
436 126 10
436 197 40
436 313 140
437 2 110
437 135 180
437 262 200
437 265 70
437 280 90
437 378 90
437 380 130
438 183 130
438 185 10
438 316 50
438 374 170
439 52 100
439 142 120
439 179 20
439 218 10
439 231 140
439 284 40
439 298 70
440 109 90
440 183 50
441 208 10
441 398 190
442 206 90
442 246 100
442 324 190
442 349 110
443 78 80
443 80 170
443 260 200
443 265 40
443 280 120
443 285 70
443 318 130
444 42 20
444 295 10
444 352 120
444 374 190
445 46 80
445 248 190
445 256 10
445 304 20
446 33 200
446 180 40
446 237 180
446 321 110
446 333 30
447 22 160
447 47 190
447 195 50
447 202 70
447 235 60
447 257 190
448 53 150
448 55 160
448 82 50
448 105 20
448 248 10
448 330 50
448 348 190
449 86 110
449 132 170
449 283 190
450 112 60
450 350 110
451 212 20
451 268 200
451 286 200
451 299 70
451 348 50
452 6 70
452 102 170
452 128 170
452 231 130
452 341 190
452 352 110
452 382 200
453 65 120
454 52 160
454 68 30
454 130 180
455 27 50
455 61 190
455 258 40
456 129 120
456 244 150
456 250 60
456 349 130
457 123 140
458 35 200
458 180 200
458 221 30
458 324 60
458 354 100
459 47 120
459 103 110
459 362 120
459 365 190
460 110 60
460 165 10
460 167 10
460 182 30
460 279 170
460 374 100
461 36 100
461 100 200
461 244 200
462 90 50
463 73 40
463 103 200
463 190 100
464 199 70
464 255 100
464 357 200
465 89 190
465 267 10
466 171 140
466 264 120
467 62 110
467 259 120
468 308 40
468 362 140
470 54 70
470 75 140
470 146 190
470 258 50
471 11 10
471 80 20
471 145 90
471 175 20
471 295 120
471 342 140
472 74 10
472 296 50
473 143 70
473 162 10
473 347 150
473 356 50
473 390 190
474 34 50
474 181 190
474 311 110
474 354 130
475 17 70
475 326 50
476 42 200
476 45 20
476 221 170
476 287 150
477 19 60
477 250 90
477 339 70
478 240 20
478 287 150
478 340 150
478 368 70
479 3 80
479 276 10
479 314 190
480 306 20
480 310 160
480 316 150
481 24 10
481 31 160
481 52 130
481 72 30
481 183 120
481 190 130
481 218 120
481 286 120
481 375 160
482 280 140
483 48 60
483 67 200
483 89 200
483 199 150
483 251 110
483 263 40
483 269 10
483 335 160
483 347 150
483 357 180
483 375 150
484 103 200
484 202 80
485 154 100
486 29 40
486 51 30
486 263 20
486 270 190
486 361 70
487 2 90
487 90 50
487 304 200
487 309 140
487 323 40
488 358 10
488 363 40
490 26 50
490 28 160
490 144 170
490 222 190
490 366 150
491 83 100
492 77 180
492 309 90
493 62 90
493 115 80
493 312 110
493 371 30
494 2 40
494 88 180
494 114 140
494 211 140
494 289 200
494 311 180
494 367 110
494 392 130
495 67 90
495 191 150
495 322 80
495 362 180
495 377 160
496 201 50
496 332 20
497 48 40
497 184 70
497 361 20
498 4 180
498 30 180
498 303 50
498 324 90
498 331 200
498 391 20
499 137 50
499 238 170
500 143 100
500 180 150
500 290 60
500 295 30
501 81 40
502 147 150
502 207 90
502 344 170
502 363 80
503 162 170
503 321 60
504 54 70
504 129 180
505 141 160
505 172 140
507 322 80
508 5 170
508 69 10
508 98 110
508 104 130
508 150 70
508 181 40
508 189 100
508 382 50
509 5 110
509 298 90
509 327 10
509 337 90
510 110 80
510 115 200
510 143 200
510 164 70
510 383 40
511 76 160
511 140 120
511 174 10
512 39 110
512 40 60
512 53 40
512 67 200
512 120 180
512 294 100
512 358 70
513 109 110
513 121 60
513 243 180
513 293 100
513 302 50
513 394 20
514 100 40
514 156 200
514 311 100
515 63 80
515 282 60
515 294 120
515 377 60
516 185 100
516 201 50
516 208 40
516 333 190
516 341 170
516 347 180
516 375 40
517 111 190
517 127 70
517 132 180
517 325 30
518 96 40
518 163 160
518 212 180
518 241 50
518 295 60
518 374 90
519 9 40
519 98 40
519 164 50
519 365 170
520 3 130
520 6 20
520 27 120
520 257 150
520 265 70
520 269 120
521 112 100
521 166 180
521 202 30
521 308 130
522 56 100
522 134 120
522 207 60
522 322 110
523 49 50
523 248 140
524 257 110
525 89 20
525 96 10
525 148 30
526 15 90
526 69 160
526 154 70
527 65 140
527 220 140
527 277 50
528 217 30
529 31 180
529 224 70
529 363 150
530 112 10
530 208 110
530 224 60
530 397 130
531 10 140
531 202 90
531 358 110
532 179 120
532 242 80
533 19 150
533 24 20
533 52 120
533 185 130
533 202 170
533 260 80
533 292 180
533 377 60
534 305 120
534 351 110
535 234 50
535 324 50
535 372 40
535 390 90
536 121 70
536 223 10
537 164 150
537 314 70
537 378 130
537 398 190
538 158 160
538 159 20
538 185 80
538 235 140
538 295 140
539 128 50
539 193 30
539 260 150
539 323 40
539 383 150
540 196 40
540 239 180
540 260 10
540 315 70
541 57 30
541 175 30
541 198 160
541 292 160
542 135 180
542 171 120
542 240 10
543 17 80
543 73 110
543 124 70
544 47 80
544 191 200
544 243 50
545 49 130
545 96 130
545 168 90
545 192 160
545 211 160
545 224 120
546 8 10
546 68 110
546 144 70
546 274 110
546 279 60
546 317 60
546 354 150
546 368 20
547 99 110
547 187 200
547 301 150
547 360 170
548 12 30
548 123 200
548 161 140
548 217 20
549 338 90
549 353 80
549 396 70
550 13 190
550 159 30
550 252 200
551 335 30
552 69 200
552 76 190
552 156 120
552 174 20
552 228 120
553 33 40
555 91 150
555 250 60
555 347 20
555 385 160
556 13 110
556 22 70
556 80 200
556 104 40
556 125 10
556 221 20
557 10 10
557 103 40
557 117 60
557 144 100
557 177 80
557 350 170
557 370 50
558 71 170
558 94 60
558 100 120
558 169 10
558 300 130
558 339 150
559 116 160
559 237 140
559 337 100
560 59 190
560 351 50
560 362 30
560 380 70
561 85 180
561 273 110
562 128 20
562 398 20
563 136 120
563 148 130
563 195 40
563 344 150
563 363 150
564 55 80
564 352 120
565 51 170
565 168 120
565 250 140
565 290 10
565 399 120
566 23 20
566 26 10
566 108 100
567 41 190
567 225 30
567 337 190
567 365 200
568 29 10
568 87 90
568 346 130
569 234 160
569 363 90
569 366 110
569 376 20
569 383 50
570 254 40
570 327 40
570 338 150
571 81 200
571 139 140
571 325 120
572 74 10
572 107 120
572 381 140
573 108 130
573 185 100
573 237 30
573 248 20
573 321 20
574 79 150
574 105 160
575 73 100
575 122 40
575 186 190
575 257 170
575 335 170
575 346 170
575 350 30
576 197 20
576 274 180
576 366 50
577 83 180
577 112 90
577 115 20
577 124 130
578 146 40
578 173 100
578 268 160
578 310 190
578 311 100
578 318 10
578 327 60
579 111 30
579 132 80
579 172 180
579 180 30
580 12 150
580 213 10
580 269 150
580 360 30
581 58 40
581 60 130
581 69 40
581 70 40
581 119 10
582 154 140
582 338 60
583 14 40
583 39 80
583 51 130
583 86 60
583 222 170
584 27 170
584 183 180
584 346 110
585 27 70
585 74 190
585 178 160
585 313 190
585 356 100
586 42 60
586 113 190
586 373 30
587 11 170
587 151 90
587 318 60
588 52 140
588 206 110
588 259 20
588 275 70
588 396 180
589 12 120
589 146 50
589 161 80
589 373 10
589 398 150
590 31 90
590 115 180
591 4 30
591 130 20
591 222 50
591 300 190
592 258 70
593 83 30
594 49 150
594 197 70
594 334 130
594 397 60
595 6 130
595 90 10
595 163 30
595 260 20
595 324 190
595 339 10
596 24 40
596 54 20
596 166 10
596 223 90
596 264 200
596 299 70
596 330 60
596 371 110
597 192 120
597 247 40
598 252 170
599 28 140
599 307 20
600 41 160
600 145 80
600 184 30
600 247 10
600 353 80
601 10 130
601 12 70
601 33 200
601 49 110
601 79 50
601 145 40
601 185 40
601 247 10
601 371 190
602 4 140
602 96 190
602 148 100
602 157 140
602 167 20
602 216 10
602 217 80
602 245 30
602 307 90
603 305 20
604 107 50
604 252 100
604 346 130
604 377 200
605 59 120
605 86 40
605 146 120
605 150 80
605 323 40
605 356 170
605 375 140
606 17 160
606 173 100
606 276 40
606 290 130
606 292 110
606 313 130
606 371 50
607 39 20
607 155 80
607 163 40
607 201 110
607 275 120
607 346 140
607 357 10
608 16 180
608 80 150
608 103 180
608 311 30
608 345 170
608 358 10
608 376 100
608 388 180
609 2 170
609 97 40
609 116 180
609 194 140
609 203 140
610 9 120
610 142 90
610 164 170
610 254 30
610 271 90
610 333 50
610 348 130
611 2 20
611 203 110
612 22 200
612 144 40
612 185 70
612 323 70
612 378 50
613 326 110
614 102 140
614 387 200
615 11 170
615 66 90
615 89 60
615 158 180
615 189 190
615 203 50
615 400 130
616 5 30
616 235 130
616 379 190
617 118 200
617 155 100
617 377 10
618 109 120
618 327 140
618 382 50
619 137 190
619 186 170
620 66 160
620 88 120
620 214 20
620 310 100
621 127 60
621 252 100
622 146 20
622 209 90
622 324 90
622 339 110
623 127 170
623 150 70
623 280 160
624 13 80
624 18 140
624 234 160
624 327 70
624 332 160
625 33 110
626 82 80
626 252 50
626 346 100
626 394 170
627 27 50
627 194 90
627 208 200
627 392 120
628 7 200
628 82 200
628 143 110
628 270 70
628 396 90
629 23 170
629 242 180
629 268 110
630 4 200
630 7 190
630 114 20
630 136 30
630 251 70
630 318 140
631 228 140
632 9 70
632 13 70
632 39 190
632 211 120
632 270 10
632 314 100
633 10 160
633 329 180
633 395 200
633 399 40
634 59 180
634 89 130
634 265 90
634 338 40
635 38 140
635 122 130
636 132 120
636 250 150
637 35 180
637 87 190
637 199 100
637 309 100
637 387 30
638 179 60
638 392 80
639 195 80
639 208 80
639 265 140
639 302 110
640 35 110
640 148 40
640 248 10
640 253 50
640 325 160
640 393 90
641 397 100
642 4 10
642 213 90
642 215 20
642 221 10
643 36 70
643 57 40
643 92 20
643 107 10
643 149 40
643 377 130
644 296 20
644 316 70
644 323 40
644 358 130
645 7 60
645 79 80
645 81 100
645 176 100
645 200 40
646 35 200
646 203 140
647 104 20
647 144 80
647 198 170
647 219 150
647 247 80
647 258 80
647 338 10
648 16 130
648 144 60
648 170 20
648 234 120
648 270 140
648 311 30
648 313 30
649 125 180
649 132 190
649 257 90
650 65 30
650 268 120
650 331 10
651 50 40
651 80 50
652 262 200
653 103 100
653 128 80
653 222 60
653 241 190
653 276 90
653 284 60
653 340 20
653 368 80
653 395 180
654 109 120
654 117 200
654 183 130
654 319 90
654 357 100
655 157 20
655 204 180
656 105 60
656 273 150
656 375 130
656 388 130
656 400 20
657 263 100
657 280 100
658 218 40
659 12 140
659 26 160
659 48 170
659 62 60
659 82 30
659 105 150
659 129 60
659 199 170
659 244 150
660 17 120
660 33 60
660 279 60
660 303 180
662 53 200
662 134 60
662 217 30
662 362 70
663 72 40
663 207 80
663 300 140
664 19 160
664 108 160
664 170 160
664 232 60
664 255 140
664 292 110
664 360 80
664 395 120
665 49 100
665 61 160
665 84 180
666 140 80
666 174 50
666 400 130
667 82 120
667 92 120
667 249 20
667 365 70
667 385 50
668 7 130
668 49 160
668 139 120
668 193 110
668 196 180
669 189 90
669 203 50
669 211 90
669 244 100
669 278 40
670 4 80
670 125 120
670 372 80
670 385 50
671 38 180
671 215 20
671 260 10
671 265 50
671 386 160
672 78 90
672 145 100
672 246 180
672 288 120
672 323 140
673 164 40
673 255 130
673 358 140
674 159 40
674 193 40
674 252 110
675 39 130
675 182 200
676 20 10
676 187 90
676 197 20
676 198 90
676 254 100
676 382 120
677 101 140
677 187 140
677 319 100
678 154 160
678 179 200
678 295 80
679 192 190
679 259 120
680 74 20
680 76 30
680 302 180
680 348 170
680 352 120
681 50 150
681 171 10
681 191 130
682 54 40
682 148 170
682 212 80
683 45 80
683 252 200
683 329 140
684 24 20
684 327 200
684 380 100
685 237 20
685 319 190
685 399 160
686 18 200
686 45 40
687 10 60
687 28 90
687 109 80
687 397 60
688 59 170
688 79 170
688 106 80
688 134 90
688 185 70
689 13 110
689 207 80
689 243 190
689 322 10
689 336 100
690 56 120
690 78 30
690 141 40
690 168 160
690 254 200
690 377 60
691 78 70
691 171 60
691 181 190
691 256 90
691 378 10
692 21 120
692 40 50
692 60 10
692 155 30
692 160 110
692 258 180
692 262 50
692 384 100
693 40 160
693 294 100
693 354 180
694 71 120
694 281 90
694 343 160
695 71 40
695 224 200
695 273 110
695 331 110
696 51 90
696 53 120
696 295 50
697 91 70
697 342 160
698 105 40
698 107 30
698 156 30
698 345 150
698 374 110
699 78 150
699 198 30
699 275 200
700 227 180
700 307 80
700 382 10
701 319 30
701 325 120
702 131 130
703 55 10
703 135 120
703 214 120
704 14 120
704 215 50
704 278 30
704 338 80
704 367 200
705 166 100
705 338 20
706 138 130
706 238 20
707 68 200
707 137 10
707 146 80
707 171 170
707 316 30
707 381 170
707 393 90
708 31 20
708 57 200
708 106 10
708 176 160
708 221 50
708 320 60
708 334 10
708 389 90
709 329 60
711 139 40
711 164 190
711 254 140
712 15 100
712 306 90
712 341 50
713 34 20
714 125 200
714 162 120
714 264 10
714 274 150
715 107 170
715 110 200
716 112 170
716 219 180
717 218 90
717 350 20
718 1 10
718 11 50
718 259 150
719 19 160
719 104 10
719 138 70
719 197 70
719 305 200
720 246 90
720 295 90
720 375 20
720 399 100
721 96 90
721 105 80
721 116 40
721 126 190
721 277 110
722 117 130
722 221 150
722 324 10
722 327 200
722 394 10
722 397 190
723 30 180
723 125 180
723 140 160
723 389 170
724 138 10
725 117 100
725 218 120
725 381 90
726 19 140
726 171 130
726 241 30
726 308 120
726 361 120
727 21 90
727 36 100
727 52 80
727 56 20
727 78 100
727 148 160
727 214 50
727 288 10
727 346 30
728 119 90
728 205 80
728 282 20
728 356 130
728 357 180
728 397 30
729 56 200
729 230 110
729 243 60
729 373 150
730 308 80
730 392 200
731 107 110
732 98 190
732 143 190
732 169 10
732 376 40
733 131 90
733 342 120
734 38 150
734 217 10
734 355 100
735 14 170
735 164 140
735 279 10
736 129 40
737 41 90
737 65 130
737 74 200
737 89 80
737 361 190
738 100 20
738 141 130
738 286 160
738 320 50
738 391 60
739 65 110
739 104 130
739 274 110
739 306 160
740 250 160
740 277 70
740 346 150
740 396 160
741 84 30
741 97 180
741 106 40
741 297 70
741 349 160
742 80 20
742 135 170
742 185 200
742 215 40
742 221 130
742 248 190
742 353 90
743 110 20
743 189 30
743 253 180
743 288 90
743 313 60
744 56 200
744 105 50
744 123 150
744 189 30
744 192 40
745 73 180
745 118 190
745 137 130
745 181 170
745 272 180
745 289 40
745 376 130
745 379 80
746 1 70
746 54 20
746 310 40
746 368 60
747 174 160
747 271 70
747 378 130
748 42 80
748 56 60
748 248 30
748 281 110
749 120 20
749 159 10
749 180 190
749 185 190
749 241 50
749 279 170
749 286 60
750 13 110
750 34 200
750 267 120
750 301 150
751 27 90
751 46 190
751 73 140
751 158 160
751 217 150
751 250 70
751 255 100
751 333 200
751 369 50
752 44 140
752 62 190
752 92 20
752 102 180
752 189 150
752 334 80
752 376 90
753 124 60
753 127 20
753 285 160
754 77 90
754 153 120
754 272 170
754 305 80
754 363 190
754 370 60
755 150 150
755 178 180
755 208 30
755 278 110
755 364 20
755 365 20
756 257 110
756 271 110
756 279 20
756 357 30
756 371 20
757 322 130
757 397 80
758 150 180
758 264 130
759 54 180
759 66 20
759 73 10
759 113 30
759 282 50
759 332 10
759 338 190
759 379 160
760 20 110
760 175 130
760 189 150
760 238 60
760 312 60
761 121 110
762 83 70
762 118 150
762 261 50
763 128 20
763 198 100
764 23 20
764 176 180
764 218 180
765 87 160
765 175 90
765 196 90
765 306 90
765 365 40
765 375 140
766 74 110
766 111 180
766 164 30
766 192 120
766 196 60
766 355 50
768 8 70
768 154 40
768 169 120
768 224 20
768 231 60
768 287 110
768 319 60
768 330 150
769 80 200
769 107 180
769 129 10
769 399 120
770 109 50
770 173 50
770 316 200
770 320 60
771 160 190
771 166 190
771 187 100
771 216 120
772 214 130
772 221 70
772 318 130
772 322 200
773 6 90
773 266 170
773 283 90
773 293 80
774 94 100
774 150 200
775 61 50
775 179 100
775 206 130
775 213 190
775 270 130
775 283 30
775 389 200
776 119 180
776 136 130
776 173 30
776 309 180
776 318 50
776 319 100
777 77 110
777 103 180
777 193 10
777 267 50
777 355 140
778 9 80
778 73 180
778 146 120
778 268 30
778 347 160
779 92 60
779 189 70
779 244 50
780 66 120
780 108 140
780 188 80
780 305 120
780 362 90
781 223 70
781 241 170
782 29 160
782 162 100
782 175 80
782 219 90
782 254 150
783 291 160
783 309 80
783 351 60
784 88 130
784 127 190
784 184 200
784 271 170
784 306 30
784 321 70
785 42 160
785 105 90
785 227 70
785 232 180
786 13 40
786 100 120
786 238 40
786 276 10
787 13 20
787 59 80
787 99 40
787 111 130
787 145 50
787 188 150
787 192 40
787 230 20
787 258 90
787 325 50
788 82 180
788 108 20
788 167 40
788 174 40
788 176 50
788 252 50
789 150 160
789 245 120
789 349 80
790 3 40
790 58 90
790 90 140
790 314 160
790 323 180
790 342 110
791 271 120
792 81 120
792 86 40
792 263 30
792 273 150
792 293 50
792 313 20
792 379 110
793 230 70
793 257 170
793 278 170
793 281 40
794 103 160
794 149 140
794 150 200
794 175 170
794 236 10
794 332 30
795 127 30
795 249 180
795 252 120
795 295 170
795 370 70
796 74 150
796 75 20
796 126 160
796 163 100
796 305 120
796 313 130
796 353 180
797 15 80
797 193 40
797 331 30
798 56 50
798 94 150
798 127 30
798 169 110
798 191 60
798 224 170
799 41 130
799 113 140
799 256 150
800 15 60
800 53 50
800 80 40
800 105 190
800 267 100
800 371 120
801 54 200
801 110 100
801 119 140
801 203 200
801 276 200
801 307 160
801 315 180
801 357 70
801 392 20
802 11 60
802 376 80
803 217 110
804 36 130
804 92 170
804 177 50
805 211 10
805 227 90
806 60 50
807 14 80
807 69 160
807 200 140
807 372 190
808 246 160
808 278 60
809 118 120
809 252 10
809 389 120
810 41 140
810 42 180
810 69 150
810 165 70
810 195 50
810 198 100
810 250 90
810 290 70
810 375 140
810 386 60
811 14 40
811 76 90
811 153 180
811 154 130
811 221 50
811 375 90
811 394 10
812 11 130
812 146 20
812 221 70
812 311 90
812 375 160
813 2 60
813 47 190
813 173 80
813 182 60
814 3 190
814 220 70
814 385 150
815 169 110
815 213 80
815 318 80
816 54 120
816 70 90
816 93 30
816 97 120
816 172 70
816 181 10
816 295 70
816 308 80
816 328 80
816 347 140
816 396 160
817 109 10
817 222 50
818 51 140
818 243 130
818 317 160
819 10 180
819 66 140
819 115 170
819 138 50
819 312 100
819 331 120
820 296 160
821 171 170
821 365 60
822 85 90
822 91 50
822 221 50
822 395 70
823 141 60
823 173 80
823 329 40
824 100 150
824 227 80
824 274 170
825 120 130
826 110 10
826 140 130
826 239 140
827 111 200
827 385 80
828 240 10
828 284 120
828 292 10
828 304 10
828 375 180
829 103 180
829 236 120
829 275 150
829 337 180
830 99 10
830 121 20
830 182 20
830 193 100
830 361 150
831 340 90
832 64 80
832 106 80
832 113 120
832 117 120
832 128 140
832 129 60
832 296 50
832 318 70
832 367 150
833 36 80
833 45 130
833 237 10
833 345 90
834 146 80
834 167 190
834 179 170
834 266 170
834 308 50
834 310 150
834 363 20
834 386 80
835 165 130
835 210 160
835 256 10
835 259 100
835 308 170
835 382 10
836 4 190
836 71 170
836 81 150
836 180 40
837 146 90
837 181 90
837 199 150
837 203 70
837 302 120
838 36 60
838 38 130
838 320 40
838 383 10
839 87 110
839 145 150
839 288 20
840 25 150
840 225 80
840 241 170
840 276 140
840 322 120
840 332 140
841 188 20
841 191 190
841 235 140
841 288 80
842 65 20
842 171 170
842 227 150
842 372 80
843 74 50
843 143 150
843 376 180
844 48 80
844 142 70
844 192 120
845 353 30
846 88 190
846 153 200
846 186 50
846 196 180
846 204 50
846 267 40
846 301 70
846 387 130
847 23 70
847 52 130
847 79 180
847 290 130
847 316 100
847 390 60
849 85 50
849 100 80
849 124 110
849 173 200
849 220 110
849 322 10
849 351 90
850 356 160
850 371 170
850 377 130
851 124 50
851 139 150
851 221 130
851 306 30
852 113 120
852 119 30
852 348 120
853 7 200
853 16 70
853 26 150
853 96 100
853 239 120
854 88 180
855 49 130
855 79 130
855 150 100
855 178 50
855 184 130
855 299 200
856 48 40
856 222 200
856 288 40
856 387 80
856 391 100
856 399 140
857 179 40
857 344 130
858 58 30
858 64 190
858 99 180
859 3 120
859 40 100
859 130 40
859 256 150
860 186 170
860 210 70
860 275 170
860 279 120
860 328 180
861 85 170
861 190 10
861 223 160
861 288 10
861 377 160
862 17 40
862 322 70
863 178 180
863 187 170
863 312 20
863 338 90
864 155 140
864 379 110
865 142 110
865 311 200
866 3 40
866 62 150
866 102 20
866 134 110
866 197 190
866 248 20
866 261 190
866 263 30
866 360 20
867 146 200
867 187 110
867 313 100
868 73 160
868 121 40
868 192 70
868 264 130
869 134 110
869 228 70
871 53 100
871 262 70
871 345 60
871 346 190
872 232 100
872 396 40
873 32 50
873 309 80
874 41 140
874 103 20
874 137 90
874 144 140
874 178 80
875 297 70
875 338 20
876 15 80
876 20 20
876 72 110
876 129 180
876 200 70
876 248 10
876 346 120
877 11 140
877 177 80
878 3 160
878 9 160
878 77 180
878 102 100
878 185 100
878 389 60
879 47 50
879 74 40
879 163 130
879 276 180
879 322 80
879 393 150
880 135 90
880 140 190
880 184 30
880 260 100
881 13 140
881 244 50
881 394 10
882 10 190
882 229 10
883 102 190
883 120 70
883 324 60
884 82 30
884 98 100
884 273 100
885 100 20
885 164 120
885 237 20
885 268 10
885 378 160
885 396 50
886 204 80
886 251 120
886 375 140
887 66 180
887 123 180
887 201 80
887 238 200
887 351 50
887 371 120
887 374 20
888 12 90
888 242 50
888 360 60
889 1 170
889 30 130
889 32 170
889 274 70
889 279 170
889 339 150
890 30 170
890 71 200
890 72 50
890 275 90
890 397 100
891 40 60
891 167 120
891 216 20
891 283 40
891 287 30
891 344 120
892 77 90
892 222 200
892 224 190
892 236 90
892 247 170
893 62 170
893 121 170
893 142 80
893 148 110
893 208 20
894 138 70
894 351 150
895 1 170
895 60 60
895 91 170
895 104 170
895 195 170
895 225 40
895 394 30
896 100 180
896 199 50
896 329 20
896 341 40
897 76 40
897 304 130
897 326 150
898 16 150
898 34 70
898 277 170
899 171 60
900 298 150
901 114 60
901 269 150
901 311 170
902 122 190
902 175 90
902 262 80
902 367 60
902 378 10
903 20 60
903 103 150
903 188 80
903 308 150
904 35 200
904 51 140
904 71 150
904 121 170
904 224 200
904 340 30
905 13 160
905 42 80
905 85 200
905 143 170
905 267 30
906 168 100
906 226 110
906 260 190
906 269 160
907 17 110
907 62 120
907 70 50
907 244 120
909 226 130
909 239 190
909 353 190
910 143 90
910 230 140
911 56 80
911 193 130
911 283 50
912 9 20
912 207 40
912 287 130
912 335 110
913 3 20
913 47 200
913 104 120
913 116 60
913 373 100
913 389 40
914 93 60
914 230 30
914 247 190
914 271 140
915 56 200
915 65 140
915 141 200
915 163 100
915 268 160
915 288 100
915 299 160
915 343 70
915 390 160
916 124 20
916 189 40
916 268 20
917 164 20
917 173 80
917 291 200
918 94 40
918 160 110
918 171 130
918 175 10
918 315 130
918 320 150
919 136 40
920 125 80
920 142 10
920 189 80
920 217 190
920 232 90
920 245 100
920 311 190
920 360 150
920 378 190
921 192 130
921 293 30
921 299 40
921 357 120
921 398 160
922 239 180
922 302 70
922 317 110
923 136 30
923 189 20
923 195 200
923 307 110
923 354 120
924 17 160
924 144 200
924 154 190
924 172 140
924 272 110
924 310 170
924 329 20
924 364 140
925 62 150
925 134 10
925 332 10
926 2 60
926 35 120
926 286 200
926 393 40
927 6 40
927 311 40
928 48 190
928 122 140
928 141 60
929 51 200
929 237 70
929 291 40
929 342 180
929 389 80
930 21 180
930 90 100
930 163 120
930 289 60
931 61 50
932 33 10
932 130 130
932 222 170
932 255 60
932 256 70
932 300 30
933 65 60
933 399 40
934 98 110
934 114 110
934 123 90
934 389 40
935 147 10
935 230 200
935 266 40
935 277 160
935 319 30
936 115 180
936 182 160
936 192 10
936 393 80
937 34 10
937 94 200
937 329 100
937 356 60
937 374 160
938 86 80
938 125 140
938 261 190
938 316 50
939 93 160
939 131 70
939 324 100
939 326 90
939 333 100
940 35 10
940 43 130
940 67 120
940 113 150
940 136 80
940 175 190
940 219 60
940 263 90
940 321 100
941 61 60
941 247 10
941 258 150
941 309 60
941 327 180
941 385 100
942 95 170
942 193 110
942 238 50
943 93 200
943 96 50
943 161 150
943 220 70
943 260 120
944 93 20
944 256 200
944 374 190
945 8 120
945 342 20
945 380 110
946 8 130
946 23 140
946 75 150
946 101 90
946 280 10
946 326 110
947 152 100
947 172 180
947 270 150
947 359 160
948 53 140
948 63 10
948 209 130
949 195 130
949 237 40
949 312 90
949 347 60
950 2 50
950 56 100
950 102 180
950 341 110
950 375 70
951 45 110
951 70 90
952 3 30
952 31 200
952 79 30
952 208 150
952 386 100
952 387 30
953 4 140
953 130 140
953 147 20
953 179 60
953 243 120
954 152 110
954 191 10
954 231 10
954 246 20
954 249 150
955 25 100
955 30 200
955 56 30
955 154 80
955 222 40
955 320 100
956 116 150
956 160 30
956 265 60
956 384 20
957 16 70
957 17 10
957 34 30
957 40 160
957 48 170
957 72 120
957 74 170
957 78 70
957 137 100
957 165 90
957 186 60
958 34 100
958 47 110
958 85 200
958 236 70
959 137 40
959 206 50
959 331 60
960 12 180
960 37 170
960 99 40
960 127 90
961 158 110
961 304 120
961 337 20
962 80 160
962 188 120
962 243 200
962 259 70
962 300 100
963 57 170
963 117 70
963 277 130
963 382 80
964 12 70
964 27 190
964 148 120
964 240 60
964 273 140
964 314 60
964 369 100
964 373 100
964 379 110
965 108 50
965 343 40
966 85 140
966 88 40
966 308 40
966 394 150
967 28 150
967 53 170
967 56 100
967 143 200
967 171 200
968 272 150
969 4 90
969 174 10
969 270 130
969 312 90
969 385 180
971 72 10
973 32 40
973 92 40
973 271 200
974 23 30
974 77 90
974 256 40
974 305 110
975 69 40
975 102 50
975 261 110
975 299 160
975 372 20
976 121 80
976 163 80
976 171 20
976 287 80
976 346 80
976 368 60
977 18 10
977 43 120
977 164 180
977 189 110
977 207 40
977 275 10
977 322 180
977 330 30
978 4 130
978 5 60
978 49 200
978 263 70
978 303 20
978 348 60
978 377 160
979 90 180
979 180 160
979 182 90
979 348 150
979 383 20
980 39 160
980 252 130
980 301 140
980 308 10
980 327 40
980 352 170
980 356 40
980 375 140
981 176 30
981 277 10
982 190 30
982 276 160
982 313 170
983 200 130
984 10 120
984 23 100
984 187 20
984 288 140
984 316 40
984 353 80
985 35 160
985 75 130
985 95 150
985 214 90
985 225 120
986 76 170
986 90 190
986 187 100
986 210 200
986 248 80
986 369 20
987 125 10
987 164 80
988 75 200
988 217 30
988 380 40
989 16 20
989 211 160
989 301 40
990 26 60
990 117 130
990 231 90
990 381 110
991 60 30
992 156 100
992 301 150
992 313 110
992 314 170
993 67 170
993 200 50
993 297 130
993 308 180
994 63 80
994 108 60
994 267 180
994 319 80
994 382 10
995 170 30
995 207 200
995 396 110
996 25 80
996 55 180
996 242 200
996 267 170
996 351 60
997 38 100
997 230 60
997 264 50
997 388 160
998 105 150
998 122 120
998 187 140
998 275 10
999 68 90
999 87 190
999 190 10
999 247 60
999 336 10
999 369 200
1000 124 200
1000 189 100
1000 312 80
1000 388 200
