700 750
384 587
276 581
144 315
28 153
441 353
308 66
504 571
38 294
678 131
39 174
222 397
205 35
288 482
417 250
281 209
391 146
40 556
32 267
103 667
126 481
434 113
70 663
647 83
607 392
282 105
369 6
571 65
320 597
482 387
218 226
694 447
158 585
194 265
294 399
176 122
368 576
102 21
504 588
237 1
465 216
52 162
504 69
138 306
138 630
172 633
531 357
517 255
86 676
230 125
319 161
331 670
444 453
23 244
330 516
485 561
189 284
15 579
72 327
160 532
250 383
265 424
633 648
11 641
403 623
687 409
45 528
9 679
447 66
526 539
377 316
669 480
357 658
524 91
156 61
684 429
211 513
5 22
241 560
10 394
172 469
461 151
97 689
394 59
434 437
605 660
391 4
453 545
246 328
155 530
86 72
663 267
578 442
497 373
498 567
290 413
44 666
173 613
344 93
41 400
423 559
408 390
285 336
316 610
101 627
38 657
7 117
489 457
40 267
45 245
624 601
211 667
688 188
155 503
240 333
347 106
627 572
205 671
655 584
132 354
393 154
100 227
481 304
461 23
49 414
616 698
201 396
163 407
391 425
618 191
32 587
515 87
300 207
657 310
510 675
162 254
197 115
19 520
392 50
655 102
93 20
698 248
634 206
209 405
43 63
11 71
504 525
358 569
390 633
218 504
544 190
193 312
655 248
368 617
341 99
52 573
588 520
677 112
205 340
413 343
466 595
334 270
322 171
520 427
364 378
99 315
130 198
689 76
202 98
74 421
562 323
193 76
687 356
97 254
649 518
542 692
517 483
458 557
227 47
47 54
669 82
668 268
461 148
32 356
210 109
226 700
168 85
72 134
596 439
79 360
293 509
391 244
163 147
82 617
154 529
489 625
648 310
308 283
268 185
483 133
663 683
461 1
572 159
4 57
403 521
192 430
220 108
170 586
494 280
465 567
684 587
504 419
488 289
526 494
465 96
353 221
190 592
343 448
466 305
424 180
5 683
2 379
618 593
514 574
75 297
246 495
659 632
83 262
695 178
121 628
22 343
495 292
694 514
45 110
101 628
246 487
353 266
516 472
318 338
91 27
193 28
562 295
593 99
675 570
244 266
318 312
434 361
481 696
126 360
548 231
310 37
28 88
353 1
278 366
575 116
216 257
377 552
210 43
86 491
255 404
52 219
248 467
624 21
433 608
106 60
391 289
592 224
248 609
424 166
180 238
245 221
675 507
306 42
634 567
424 273
278 145
134 660
70 490
545 271
408 699
421 553
96 120
617 398
25 604
632 3
354 667
251 196
543 234
633 656
487 658
231 57
189 157
480 53
689 503
55 152
158 616
331 600
38 442
638 203
344 290
300 157
524 303
303 549
318 436
65 114
24 34
130 343
171 662
513 549
72 101
194 463
202 107
340 569
501 299
233 445
11 473
465 271
530 120
486 232
319 565
140 621
666 287
70 259
293 371
390 681
278 151
238 228
76 272
542 418
173 362
478 48
670 422
315 225
40 328
386 550
529 8
509 459
652 325
444 509
354 693
110 463
587 438
222 128
65 159
74 49
174 263
441 294
222 470
122 208
195 18
340 475
308 576
176 405
83 568
648 653
322 274
297 232
684 88
158 663
670 326
195 232
386 432
329 402
618 143
100 287
97 277
605 58
319 326
393 555
459 33
2 69
369 186
172 604
646 506
331 607
289 133
307 411
437 689
164 566
35 373
699 31
638 462
647 644
164 671
25 510
156 568
74 207
544 76
624 213
526 175
489 401
413 447
633 500
245 493
401 617
396 610
633 242
193 629
695 611
445 153
403 492
259 292
102 313
230 343
57 95
625 547
87 67
490 641
328 20
387 661
473 175
478 577
439 110
600 522
131 229
573 617
107 346
162 599
507 589
24 663
353 343
486 520
515 266
358 541
22 114
604 234
384 63
439 456
334 176
547 554
544 124
209 78
20 17
132 661
35 48
678 609
610 269
408 691
192 194
82 538
561 682
107 98
475 367
463 238
80 375
508 540
543 171
408 412
267 272
465 639
364 404
63 16
218 197
160 270
383 606
158 473
494 20
283 685
573 484
487 697
127 686
688 612
159 558
166 536
666 428
145 129
587 296
48 112
444 437
126 7
541 336
528 261
488 676
97 301
501 422
322 197
80 470
611 242
403 264
458 543
182 551
182 82
616 507
420 454
575 425
24 98
581 327
514 323
70 509
70 212
326 448
55 36
378 389
520 591
312 310
625 376
75 16
521 503
156 265
61 460
71 549
203 468
178 430
176 561
638 39
6 356
587 88
441 672
375 425
402 639
624 51
150 324
630 476
175 244
334 247
45 472
461 201
7 258
544 222
557 477
32 447
270 594
45 454
604 135
74 246
145 345
219 336
132 76
190 258
595 405
307 465
283 383
497 188
168 344
655 663
452 645
220 389
601 464
398 449
542 8
660 77
432 21
212 111
182 332
327 266
178 31
58 610
445 641
39 673
288 148
344 316
79 661
618 9
418 180
25 537
278 499
33 260
320 35
693 389
530 621
23 529
556 277
500 309
667 586
417 553
247 77
301 667
190 503
157 519
23 196
224 214
311 455
233 363
107 224
433 698
453 217
343 204
70 603
417 443
253 635
244 443
396 118
233 635
553 50
128 343
176 422
683 149
32 470
606 626
600 641
547 337
87 672
274 570
696 642
218 666
397 137
330 226
679 654
492 491
201 155
417 183
19 523
592 355
526 593
191 648
313 405
32 331
444 261
79 561
138 16
483 602
117 287
201 127
472 651
170 67
548 6
319 148
587 481
508 277
117 381
174 235
413 355
206 459
306 552
127 4
423 112
19 463
354 449
251 137
113 545
293 383
452 543
607 190
402 327
100 609
320 174
281 309
218 18
657 361
429 343
618 84
517 250
19 454
158 374
213 429
80 403
355 674
562 595
652 51
288 354
150 677
348 582
261 249
659 576
539 683
373 263
324 662
107 365
639 506
211 622
478 401
666 376
353 593
332 610
678 465
601 662
423 610
551 279
497 423
211 664
356 516
162 212
114 260
430 540
654 583
155 461
52 623
572 46
357 171
138 56
127 638
542 75
598 546
470 47
156 633
222 582
628 382
329 386
396 273
5 282
338 564
647 573
381 545
255 642
639 120
39 153
696 640
577 83
274 582
122 266
543 695
622 459
525 108
434 550
344 54
247 471
363 590
172 658
652 91
9 521
105 642
306 6
519 254
74 416
293 363
270 206
16 620
472 314
174 147
61 120
7 631
172 86
364 51
417 607
161 266
109 60
267 481
627 346
176 636
673 528
150 63
241 33
56 591
252 94
266 309
138 567
173 680
145 424
74 662
399 385
494 233
131 142
173 500
284 674
684 459
94 633
189 195
100 389
605 670
82 396
265 148
40 10 30 70 10 50 50 20 60 50 90 50 40 30 20 80 80 90 40 70 90 10 80 90 30 40 90 90 20 70 50 90 90 20 100 40 60 30 60 80 80 90 50 10 50 100 20 100 40 10 90 60 40 50 10 30 20 100 40 80 20 80 40 30 40 40 10 50 40 40 50 70 90 50 40 90 80 100 10 90 70 70 60 20 10 10 30 10 10 50 50 60 70 50 40 70 100 60 90 100 40 20 100 20 50 40 60 70 40 50 20 50 100 70 70 90 60 10 40 50 30 40 90 100 70 80 30 70 40 100 100 80 90 10 50 100 10 80 10 50 50 70 70 80 80 90 70 60 80 10 100 40 20 80 90 10 100 70 50 40 70 60 90 30 60 50 80 100 80 80 100 50 40 20 40 10 80 10 10 10 100 70 50 90 90 70 50 60 20 40 10 10 70 60 90 70 90 40 50 70 80 80 90 60 60 80 40 100 10 30 80 90 60 90 20 70 50 40 30 10 90 100 50 70 40 20 90 100 20 60 20 60 80 50 60 40 70 50 70 60 10 70 100 80 30 60 80 50 60 50 10 20 10 90 70 70 90 90 30 10 100 50 10 50 40 70 40 70 10 80 100 90 40 50 50 70 20 80 90 20 60 40 20 80 90 80 20 30 90 30 80 80 80 100 50 50 10 50 50 70 100 30 70 50 90 40 90 30 50 20 90 10 80 70 90 70 100 30 100 80 50 30 80 80 40 50 70 90 80 60 50 10 100 100 80 10 10 60 80 70 90 100 40 10 30 80 90 80 10 30 60 60 10 60 50 10 30 60 100 100 70 60 30 50 30 50 20 60 20 30 10 100 20 90 20 30 80 30 90 80 20 100 60 90 70 40 20 20 100 10 60 70 30 40 50 80 90 60 50 100 10 90 40 10 70 50 60 10 90 70 80 20 70 40 20 40 70 10 90 40 30 80 50 30 100 80 40 60 100 70 20 90 70 100 50 30 50 30 30 60 10 80 50 90 10 90 70 20 90 90 20 100 10 70 40 30 30 50 80 20 100 100 10 100 60 60 100 20 80 70 50 10 50 90 10 90 50 20 10 10 90 60 20 70 90 100 40 100 10 50 30 30 50 40 20 70 30 90 20 50 30 20 40 30 90 30 30 90 20 50 20 90 100 60 30 20 30 100 80 90 40 60 40 100 90 20 80 70 70 100 50 90 20 40 10 70 20 80 30 10 40 10 90 30 10 90 90 20 20 30 100 60 50 100 70 60 100 100 10 10 80 80 10 10 40 80 40 40 100 40 90 50 90 90 80 60 30 80 30 30 80 30 60 60 10 90 60 100 50 30 70 20 30 90 90 40 40 100 90 70 20 20 50 20 90 90 50 80 60 10 10 40 80 100 60 60 40 10 80 50 70 50 60 30 80 100 60 30 40 100 50 100 20 70 100 50 60 50 50 60 10 20 60 50 50 40 100 50 10 80 70 90 10 80 30 60 60 30 40 10 90 60 40 100 90 30 50 70 60 90 30 80 40 90 60 40 30 30 90 100 10 30 30 10 10 20 30 80 60 80 30 80 60 20 30 70 40 50 20 10 
300
60 0 0 60 80 0 80 80 80 40 80 60 40 20 60 40 0 40 20 60 80 20 20 20 80 40 20 40 60 0 40 40 80 0 0 60 40 60 40 60 20 40 0 20 20 20 60 20 60 40 20 0 60 0 80 20 20 40 60 40 60 0 80 20 40 0 80 40 60 20 60 40 40 20 80 40 0 40 60 40 80 20 80 20 60 80 20 80 20 0 60 60 20 80 60 40 60 20 20 60 0 0 40 40 20 60 40 80 40 40 60 60 80 80 20 60 40 0 40 40 80 80 40 20 20 20 80 60 80 40 80 60 80 0 80 20 40 80 0 60 60 0 80 20 60 20 20 80 80 0 60 20 0 60 60 0 60 60 0 60 20 80 40 60 40 20 20 60 80 0 0 60 20 40 80 20 20 80 80 80 60 20 80 40 40 60 60 0 0 20 40 0 80 80 40 60 60 0 20 0 40 40 40 40 40 0 20 20 0 20 0 20 20 20 0 80 40 0 40 0 60 60 40 40 80 40 60 80 40 60 0 0 40 60 80 80 20 40 80 20 0 80 60 80 40 0 40 40 60 0 80 20 40 60 20 60 80 80 80 0 80 40 60 0 60 0 40 60 0 80 60 80 40 40 40 80 80 60 0 40 0 0 80 40 40 80 20 0 40 40 40 0 20 20 20 80 60 20 0 40 
4231
1 13 150
1 20 200
1 61 20
1 112 100
1 152 190
2 1 180
2 61 150
2 106 90
2 153 120
2 191 190
2 195 20
2 264 10
2 288 40
3 14 180
3 41 130
3 236 100
4 17 70
4 54 140
4 79 100
4 96 190
4 177 70
4 196 180
4 205 30
4 209 80
4 236 150
4 257 190
4 267 40
4 299 40
5 10 20
5 282 90
5 293 30
6 99 180
6 205 120
6 225 170
6 254 150
7 21 70
7 51 190
7 128 90
7 142 120
7 150 190
7 198 40
8 45 130
8 181 100
8 207 60
9 6 100
9 188 30
9 205 180
9 257 90
9 274 160
9 280 140
10 32 190
10 35 40
10 38 10
10 66 100
10 123 20
10 162 70
11 18 190
11 57 200
11 150 120
11 152 200
11 178 80
11 183 30
11 190 150
11 212 10
11 246 10
11 260 60
12 34 140
12 54 110
12 162 70
12 191 200
12 245 20
12 277 190
12 298 70
13 26 60
13 59 10
13 78 110
13 82 10
13 126 40
13 134 180
13 232 80
13 233 60
14 12 190
14 64 200
14 77 200
14 97 30
14 99 40
14 138 100
14 214 50
15 8 160
15 9 150
15 30 160
15 64 70
15 190 80
15 268 150
16 94 20
16 95 190
16 120 160
16 138 40
16 164 130
16 231 100
16 282 140
17 12 110
17 110 160
17 178 160
18 4 150
18 47 90
18 95 190
18 106 80
18 127 180
18 138 180
18 175 80
18 178 40
18 221 20
18 249 130
18 253 130
19 24 160
19 51 190
19 102 140
19 110 150
19 162 60
19 201 90
19 270 80
20 32 80
20 126 20
20 128 190
20 133 30
20 209 10
20 212 150
20 288 190
20 291 160
20 297 110
21 3 90
21 16 60
21 34 190
21 42 140
21 51 10
21 93 170
21 230 40
22 11 50
22 172 70
22 268 110
22 275 60
23 49 180
23 78 200
23 130 110
23 148 40
23 236 180
23 287 100
23 292 190
24 26 120
24 28 50
24 31 80
24 144 120
24 160 150
24 198 50
24 216 60
25 31 10
25 151 50
25 180 170
25 232 190
26 94 30
26 143 110
26 250 70
26 259 30
26 292 110
27 46 30
27 58 120
27 93 150
27 132 50
27 209 70
27 228 20
27 249 80
28 69 160
28 74 180
28 193 180
28 212 160
28 228 120
28 283 190
29 37 30
29 44 40
29 131 180
29 238 100
30 47 50
30 85 180
30 93 90
30 149 80
30 156 70
30 228 110
30 276 140
31 40 200
31 83 170
31 107 60
31 200 10
31 203 120
32 57 40
32 95 110
32 110 30
32 229 80
32 284 120
32 286 180
32 290 130
32 299 20
33 161 90
33 168 140
33 169 110
34 62 70
34 72 10
34 82 40
34 94 110
34 136 200
34 164 60
34 181 180
34 185 20
34 188 70
34 259 130
35 21 30
35 82 130
35 100 80
35 146 100
35 251 160
35 266 140
35 283 100
36 71 50
36 104 170
36 128 160
36 156 30
36 226 120
37 18 90
37 69 10
37 109 90
37 118 20
37 134 30
37 173 200
38 12 20
38 176 120
38 185 180
38 211 60
39 151 130
39 167 10
39 196 140
39 259 90
39 280 150
40 23 40
40 67 190
40 106 80
40 153 40
41 182 160
41 196 200
41 282 70
42 97 50
42 109 160
42 119 190
42 195 180
42 214 200
42 229 170
42 247 140
43 13 80
43 80 150
43 197 80
43 208 150
43 228 150
43 258 20
43 265 110
43 285 10
44 1 160
44 99 200
44 166 120
44 222 140
44 242 30
44 277 60
44 295 160
45 2 50
45 6 60
45 137 70
45 181 110
45 202 80
45 213 110
45 254 190
45 260 120
46 67 30
46 92 180
46 206 80
46 241 120
47 71 100
47 111 40
47 119 110
47 150 90
47 223 50
48 49 50
48 96 50
48 165 100
48 175 60
48 229 180
49 40 200
49 42 10
49 43 20
49 65 50
49 159 130
49 166 200
49 234 160
49 273 90
49 275 170
50 3 10
50 27 80
50 60 200
50 69 80
50 95 70
50 142 70
50 231 190
50 244 50
50 280 80
51 30 50
51 65 180
51 76 120
51 192 110
51 208 90
51 226 190
51 276 60
52 25 160
52 111 170
52 122 180
52 167 30
52 168 100
52 201 50
52 275 190
53 99 110
53 111 160
53 130 160
53 220 40
53 285 20
53 294 20
54 7 100
54 35 80
54 120 80
54 139 130
55 25 110
55 28 130
55 67 120
55 94 180
55 211 110
55 230 80
55 237 10
56 49 100
56 132 190
56 154 140
57 35 10
57 42 140
57 128 90
57 129 150
57 216 110
58 29 60
58 109 110
58 145 100
58 155 130
58 161 70
58 179 30
58 249 20
58 255 100
59 115 20
59 162 50
59 175 20
59 255 190
59 279 120
59 283 80
60 149 110
60 153 110
60 194 130
61 35 100
61 51 60
61 84 120
61 115 10
61 116 110
61 141 10
61 166 180
61 201 190
62 41 160
62 80 30
62 91 130
62 128 100
62 137 70
62 153 30
62 247 140
62 284 160
63 14 30
63 43 120
63 51 30
63 86 160
63 136 100
63 149 30
63 287 180
63 293 50
64 35 50
64 134 50
64 182 70
64 223 160
64 238 130
64 245 50
65 30 10
65 58 60
65 100 100
65 102 180
65 171 130
65 196 30
65 211 30
65 261 10
65 268 190
66 3 110
66 27 30
66 55 80
66 102 120
66 103 100
66 113 10
66 210 10
66 232 120
67 6 100
67 102 40
67 126 120
67 162 20
67 194 30
67 206 140
68 68 120
68 119 150
68 147 60
68 203 110
68 227 120
69 27 120
69 51 100
69 103 40
69 156 140
69 290 70
70 26 80
70 113 130
70 286 130
71 18 150
71 21 90
71 22 60
71 71 50
71 93 180
71 146 80
71 171 70
71 221 60
71 258 190
71 259 170
71 290 10
71 296 200
72 84 120
72 140 170
72 144 20
72 149 70
72 292 190
73 32 170
73 53 170
73 85 150
73 98 120
73 115 140
73 234 120
73 272 70
74 44 200
74 49 70
74 175 50
74 187 90
74 223 30
74 234 180
74 259 80
74 264 200
75 40 190
75 261 60
75 267 150
75 298 110
76 15 60
76 31 110
76 91 10
76 169 50
76 300 140
77 3 50
77 111 100
77 131 200
77 163 100
77 202 80
78 30 60
78 262 150
78 273 200
78 287 60
79 43 170
79 70 160
79 78 50
79 79 50
79 119 10
79 140 120
79 145 20
79 208 130
79 241 70
79 268 140
79 289 150
80 9 200
80 45 40
80 72 10
80 155 60
80 172 130
81 51 190
81 56 120
81 122 160
81 128 200
81 132 70
81 143 180
81 226 20
81 241 100
81 254 200
82 139 30
82 166 140
82 180 40
82 196 190
82 261 10
82 266 180
82 269 60
83 2 40
83 16 50
83 173 10
83 176 180
83 235 10
83 289 10
84 218 170
84 260 180
85 45 130
85 61 20
85 78 10
85 111 190
85 173 40
85 249 50
85 250 180
86 76 60
86 164 10
87 22 30
87 100 110
87 117 30
87 145 110
87 228 50
87 274 90
88 8 120
88 93 50
88 112 120
88 208 80
88 262 70
88 276 180
89 37 90
89 83 20
89 92 120
89 166 190
89 202 120
89 204 30
89 252 150
89 269 50
90 22 110
90 149 200
90 151 30
90 254 100
90 296 100
90 300 150
91 38 150
91 118 10
91 164 120
91 242 170
92 119 150
92 185 150
93 24 150
93 45 160
93 78 30
93 80 180
93 119 120
93 129 190
93 144 170
93 198 200
93 202 100
93 221 150
93 249 20
93 275 60
93 292 30
94 41 70
94 46 10
94 49 50
94 202 90
94 294 20
95 11 170
95 13 10
95 95 20
95 112 50
95 120 80
95 151 50
95 195 50
95 214 10
95 253 30
95 256 80
95 268 110
96 42 190
96 134 200
96 192 30
97 12 150
97 60 190
97 101 130
97 155 10
98 121 100
98 123 140
98 141 40
98 175 90
98 192 140
98 227 20
98 295 160
99 13 120
99 96 150
99 100 170
99 151 60
99 209 20
99 222 60
100 35 10
100 38 190
100 137 150
100 138 110
100 181 200
100 234 70
100 286 120
101 112 140
101 124 10
101 140 170
101 193 80
101 211 50
101 247 130
102 17 50
102 77 120
102 95 90
102 101 130
102 188 90
102 195 10
102 243 10
103 23 20
103 51 180
103 84 170
103 119 180
103 136 70
104 29 140
104 33 10
104 63 30
104 167 50
104 250 80
105 7 140
105 95 10
105 120 100
105 149 100
105 253 130
106 106 150
106 151 90
106 152 80
106 167 80
106 177 130
106 186 50
106 190 70
106 199 60
106 203 50
107 37 40
107 103 150
107 137 70
107 213 110
108 92 60
108 117 140
108 147 180
108 198 180
108 282 80
108 296 130
109 219 150
110 1 160
110 12 100
110 52 200
110 261 160
110 283 190
110 288 40
111 68 190
111 115 70
111 178 20
111 227 130
111 264 100
112 3 20
112 8 130
112 31 180
112 52 200
112 78 20
112 132 10
112 148 10
112 196 90
112 212 140
112 232 200
113 16 20
113 144 190
113 190 100
113 196 160
113 289 80
114 15 60
114 186 10
114 214 50
114 272 150
115 7 20
115 35 40
115 154 190
115 203 50
115 269 80
115 284 70
116 48 140
116 101 150
116 140 120
116 195 60
116 259 160
117 28 150
117 30 100
117 52 120
117 84 80
117 248 40
118 3 160
118 112 70
118 136 190
118 138 10
118 168 200
119 36 200
119 41 10
119 170 20
120 121 110
120 163 110
120 236 120
120 255 130
120 256 150
120 268 120
121 21 150
121 35 30
121 109 190
121 157 30
121 189 60
122 9 120
122 66 90
122 109 90
122 154 50
122 204 50
122 220 120
122 230 150
123 77 60
123 84 150
123 114 30
123 127 120
123 141 120
124 105 140
125 79 100
125 84 120
125 219 150
125 265 70
126 37 200
126 114 180
126 148 70
126 205 30
126 264 90
126 281 170
127 1 10
127 15 190
127 34 190
127 73 190
127 74 60
127 94 90
127 208 130
127 218 130
127 233 130
128 66 160
128 69 140
128 119 120
128 152 130
128 213 200
128 255 120
128 298 120
129 81 50
129 124 50
129 173 190
129 262 120
129 273 80
130 67 40
130 156 90
130 214 160
130 215 40
131 43 160
131 107 170
131 178 120
131 251 70
131 255 130
132 28 200
132 45 200
132 92 170
132 105 70
132 107 10
132 140 80
132 196 20
132 218 70
132 222 30
132 268 140
132 290 30
133 6 110
133 58 180
133 63 100
133 109 200
133 119 20
133 161 120
133 164 200
133 300 20
134 23 70
134 84 200
134 160 20
134 177 50
134 179 100
134 246 100
134 264 160
134 277 40
135 101 30
135 106 160
135 125 80
135 143 160
135 169 130
135 189 20
135 207 200
135 255 110
135 299 150
136 30 40
136 89 10
136 240 90
136 295 160
137 33 120
137 56 50
137 62 80
137 63 190
137 168 150
137 211 10
137 230 40
137 232 120
137 245 200
137 253 40
138 148 200
138 164 20
138 165 140
138 167 110
138 274 170
139 1 170
139 104 100
139 125 180
140 8 150
140 104 190
140 157 30
140 174 40
140 200 200
141 18 60
141 19 150
141 27 80
141 84 90
141 144 140
141 250 20
142 62 160
142 70 70
142 85 130
142 95 140
142 204 120
142 213 90
142 226 180
142 288 50
143 14 50
143 59 100
143 153 190
143 168 30
143 197 90
143 229 180
143 262 170
143 281 10
143 285 100
144 2 120
144 15 50
144 24 50
144 49 150
144 78 30
144 84 100
144 115 110
144 137 110
144 146 100
144 182 190
144 198 130
144 264 50
145 18 80
145 20 10
145 46 60
145 82 190
145 116 40
145 197 120
146 65 70
146 101 190
146 115 160
146 201 40
146 228 190
146 236 10
146 269 150
146 285 190
147 15 200
147 42 80
147 69 120
147 87 170
147 123 70
147 167 20
147 182 130
147 250 170
147 278 70
148 101 70
148 187 80
148 218 150
148 255 150
148 281 140
149 16 140
149 25 100
149 92 180
149 190 70
149 198 160
149 219 200
149 232 150
149 277 100
150 101 20
150 179 70
150 180 10
150 191 180
150 195 20
150 240 90
150 257 50
150 267 200
150 281 130
150 285 50
151 3 100
151 59 150
151 82 120
151 130 150
151 134 140
151 157 120
151 177 160
151 254 180
151 274 150
152 32 160
152 88 160
152 98 60
152 101 10
152 125 70
152 182 80
152 188 110
152 250 40
153 7 160
153 135 40
153 168 30
153 212 140
153 232 150
154 85 70
154 127 120
154 209 140
154 253 160
155 51 190
155 55 180
155 59 10
155 148 70
155 188 60
156 169 160
156 200 130
156 240 40
156 253 60
156 280 150
157 55 50
157 126 170
157 143 100
157 153 130
157 190 150
157 197 190
157 228 150
158 54 120
158 143 120
158 171 50
158 224 110
158 300 80
159 69 90
159 71 200
159 101 70
159 138 120
159 266 180
159 300 50
160 99 170
160 242 100
160 265 130
161 26 10
161 45 160
161 120 120
161 198 30
161 267 40
162 42 130
162 182 190
162 203 170
162 220 120
162 226 130
162 242 120
162 289 100
162 294 20
163 18 110
163 33 140
163 72 170
163 86 60
163 121 10
164 6 180
164 14 70
164 52 80
164 92 150
164 100 190
164 107 140
164 151 130
164 211 150
164 225 190
164 295 180
165 18 60
165 58 30
165 85 40
165 89 80
165 143 100
165 154 90
165 190 20
165 200 40
166 59 150
166 101 70
166 109 170
166 111 130
166 217 150
167 17 50
167 57 60
167 120 10
167 154 170
167 175 200
167 226 20
168 14 70
168 15 200
168 29 100
168 90 20
168 160 140
168 220 160
169 9 180
169 29 110
169 31 50
169 67 100
169 104 50
169 105 170
169 165 190
169 174 70
169 177 110
169 182 80
169 185 180
169 231 120
170 46 200
170 50 160
170 233 130
170 241 70
171 57 50
171 122 80
171 150 190
171 180 30
171 208 50
171 212 70
171 243 110
171 268 200
172 8 190
172 65 70
172 117 120
172 118 80
172 226 170
172 233 120
172 267 190
173 49 190
173 86 160
173 170 60
173 229 120
173 253 90
173 300 90
174 4 20
174 227 100
175 5 200
175 105 130
175 108 140
175 160 140
175 165 150
175 188 60
175 202 70
175 249 60
175 251 140
176 133 180
176 167 110
176 211 150
176 250 160
176 256 170
177 9 150
177 26 150
177 27 140
177 51 180
177 60 90
177 78 170
177 167 90
177 240 20
177 243 100
177 284 140
177 292 40
178 58 170
178 60 160
178 145 30
178 179 30
178 247 10
179 16 60
179 69 160
179 183 170
179 203 160
180 122 70
180 243 60
180 244 70
180 246 130
181 29 10
181 93 20
181 125 90
181 155 180
181 164 50
181 218 60
182 171 50
182 255 200
183 62 40
183 87 50
183 154 20
183 162 200
183 176 130
183 191 30
183 232 180
183 269 190
183 278 40
183 283 140
184 208 80
184 209 110
184 300 200
185 23 60
185 112 20
185 209 10
185 295 120
186 82 120
186 133 110
186 158 70
186 196 90
186 201 100
186 283 110
187 9 160
187 49 20
187 60 100
187 89 160
187 109 80
187 163 180
187 217 10
187 232 50
187 238 40
188 12 180
188 58 160
188 104 190
188 260 30
189 14 160
189 37 180
189 185 20
189 283 120
190 58 100
190 239 30
190 243 170
190 290 110
191 23 140
191 80 160
191 83 200
191 121 100
191 223 160
191 276 190
191 290 40
192 66 150
192 157 150
192 173 70
192 201 140
192 205 160
193 84 200
193 143 70
194 44 30
194 59 100
194 65 150
194 110 40
194 121 20
194 122 10
194 151 30
194 153 170
194 185 130
194 241 150
194 254 140
195 17 110
195 34 110
195 228 140
196 30 110
196 123 110
196 272 120
196 295 110
197 98 90
197 112 170
197 167 50
197 199 200
197 261 200
197 265 140
197 296 10
198 79 80
198 87 170
198 124 50
198 165 110
198 200 90
198 207 10
198 226 30
198 281 30
199 1 190
199 29 60
199 249 10
199 288 10
199 291 110
200 52 170
200 64 180
200 105 20
200 217 80
201 2 160
201 46 170
201 55 90
201 60 40
201 133 170
201 256 10
201 261 50
201 290 10
202 39 200
202 128 100
202 181 80
202 229 140
202 254 70
202 257 50
203 97 150
203 164 150
203 167 40
203 177 100
204 56 200
204 58 200
204 65 180
204 98 170
204 153 40
204 194 170
204 271 70
204 295 20
204 299 200
205 35 40
205 66 30
205 126 110
205 148 130
205 162 180
205 231 50
206 9 190
206 42 110
206 61 150
206 134 80
206 159 110
206 188 170
207 43 200
207 45 20
207 131 200
207 247 170
207 248 160
208 136 190
208 192 120
208 260 100
208 288 110
209 20 190
209 64 130
209 76 100
209 80 180
209 221 130
209 269 150
210 68 20
210 116 100
210 128 80
210 189 10
210 220 190
210 224 160
210 262 120
210 291 110
211 245 160
212 49 50
212 64 60
212 115 190
212 194 80
212 292 20
213 129 30
213 153 80
213 239 120
213 297 160
214 166 90
214 198 180
214 203 130
214 211 30
214 222 170
214 243 180
215 30 30
215 31 40
215 65 170
215 97 110
215 134 150
215 152 160
215 166 50
215 188 190
215 250 10
215 261 70
216 150 80
216 158 140
216 215 150
216 245 120
217 60 50
217 78 190
217 154 30
217 199 40
217 237 190
218 56 10
218 60 30
218 161 190
218 185 20
218 209 40
219 1 160
219 112 130
219 164 200
219 186 200
219 203 100
220 115 10
220 130 130
220 158 120
220 277 20
220 299 160
221 2 40
221 34 30
221 87 160
221 89 90
221 103 20
221 107 170
221 127 100
221 161 50
221 281 190
222 54 80
222 56 150
222 111 60
222 158 140
222 188 190
222 215 130
222 238 110
222 239 150
222 266 160
222 278 60
222 285 200
223 1 30
223 83 130
223 150 60
223 152 180
223 220 140
223 255 90
224 71 130
224 81 180
224 91 180
224 105 120
224 121 70
224 178 200
225 11 20
225 39 100
225 74 180
225 122 120
225 147 40
225 269 200
226 7 80
226 25 70
226 51 150
226 63 140
226 192 20
226 215 80
226 219 10
227 10 90
227 105 100
227 129 10
227 231 200
227 233 200
227 239 170
228 46 130
228 91 80
228 117 180
228 134 110
228 135 200
229 5 10
229 156 180
229 157 50
229 166 110
229 190 40
229 194 180
229 279 40
229 282 130
230 134 200
230 188 110
230 300 170
231 77 120
231 115 30
231 152 150
231 162 150
231 165 110
232 2 90
232 3 180
232 6 120
232 7 190
232 12 60
232 22 110
232 72 80
232 81 90
232 116 90
232 151 90
232 216 180
232 234 190
232 252 90
232 262 200
233 15 60
233 82 180
233 91 60
233 99 200
233 122 20
233 129 100
233 170 10
233 182 190
233 222 190
233 237 100
233 252 140
233 267 80
234 24 110
234 104 160
234 123 170
234 175 190
234 185 20
234 211 110
234 273 20
235 51 180
235 112 120
235 213 190
235 264 70
236 23 70
236 75 20
236 168 30
236 193 70
236 205 140
236 266 20
237 108 90
237 248 140
237 258 60
237 283 70
238 36 40
238 41 90
238 154 190
238 155 200
238 207 80
238 214 70
238 223 20
238 250 200
238 281 70
239 61 100
239 72 170
239 104 20
239 112 150
239 144 200
239 147 140
239 172 20
239 204 150
239 206 10
239 287 70
240 261 190
240 275 30
241 12 20
241 55 70
241 71 90
242 85 10
242 107 10
242 254 160
242 278 30
243 7 190
243 25 90
243 67 50
243 193 130
243 219 10
243 220 30
243 232 40
244 10 200
244 41 130
244 92 130
244 114 60
244 165 180
244 171 70
244 202 30
244 230 110
244 254 40
244 291 40
244 300 40
245 24 120
245 53 180
245 181 60
245 219 100
246 29 20
246 46 70
246 100 50
247 75 110
247 292 20
248 44 20
248 54 60
248 83 60
248 191 190
249 46 110
249 159 200
249 240 150
250 115 30
250 167 120
250 177 50
250 215 130
250 220 50
250 299 20
251 30 50
251 93 200
251 124 50
251 172 10
251 205 80
251 213 140
251 258 180
251 286 60
251 297 90
252 16 150
252 71 160
252 159 10
252 188 160
252 242 30
253 200 20
253 227 110
254 10 160
254 39 50
254 151 170
254 292 10
255 39 80
255 82 180
255 96 70
255 119 110
255 159 20
255 163 50
255 192 50
255 239 70
255 250 40
256 5 40
256 35 50
256 67 180
256 160 140
256 177 80
256 197 200
257 16 40
257 136 120
257 184 190
257 257 170
258 11 80
258 81 150
258 91 20
258 221 190
258 256 100
258 266 50
258 268 70
259 37 10
259 103 80
259 133 70
259 226 50
260 205 70
260 232 110
261 96 130
261 144 50
261 175 130
261 214 10
261 250 190
261 270 130
261 275 100
261 279 80
262 44 50
262 58 190
262 236 140
262 263 50
262 267 20
262 269 170
263 22 90
263 154 20
263 234 120
263 241 160
263 257 30
264 5 180
264 10 110
264 19 110
264 49 40
264 94 20
264 147 110
264 269 20
265 7 30
265 101 100
265 122 80
265 147 170
265 168 180
266 2 40
266 28 20
266 37 40
266 60 160
266 63 80
266 110 20
266 132 90
266 172 170
266 189 200
267 2 60
267 36 110
267 53 80
267 160 40
267 200 140
267 234 40
267 242 180
268 15 140
268 21 10
268 186 110
268 250 160
268 272 50
269 56 50
269 221 20
269 273 30
270 24 50
270 29 130
270 39 190
270 95 120
270 140 30
270 150 100
270 159 160
270 172 80
270 217 190
270 255 100
270 282 190
270 289 90
270 293 10
271 40 150
271 147 180
271 152 170
271 160 50
271 261 70
271 294 80
272 50 150
272 65 160
272 128 100
272 183 90
272 247 120
272 260 40
273 31 170
273 45 80
273 129 170
273 171 10
273 287 120
273 288 110
274 68 40
274 190 160
274 215 170
274 233 50
275 55 50
275 60 10
275 92 190
275 161 20
275 210 170
276 24 10
276 70 140
276 92 40
276 141 20
276 211 50
276 232 160
276 259 110
276 262 190
276 286 100
277 19 190
277 111 130
277 161 200
278 51 150
278 54 180
278 57 10
278 75 200
278 86 190
278 100 70
278 104 90
278 254 80
279 11 60
279 76 150
279 203 50
279 232 60
279 237 40
280 125 160
280 151 180
281 28 180
281 50 120
281 54 50
281 79 60
281 125 110
281 149 20
281 153 170
282 120 160
282 164 60
282 187 10
283 72 80
283 86 10
283 97 80
283 187 180
283 213 50
283 237 70
283 286 30
283 293 140
284 139 70
284 144 60
285 58 140
285 133 20
285 158 10
285 200 120
285 242 30
286 18 120
286 34 130
286 124 180
286 138 40
286 149 150
286 171 150
286 203 20
286 237 120
286 248 140
287 1 160
287 26 180
287 64 10
287 96 10
287 152 40
287 166 20
287 179 120
287 217 70
287 246 110
288 20 120
288 33 90
288 59 180
288 118 10
288 150 110
288 202 100
288 281 190
288 282 30
288 292 90
289 65 50
289 74 80
289 75 180
289 272 180
289 291 200
290 3 190
290 214 160
290 246 10
290 273 10
291 51 200
291 91 70
291 172 190
291 182 170
291 205 20
291 223 150
291 291 50
292 145 130
292 221 40
292 264 40
293 39 10
293 52 50
293 127 20
293 133 170
293 161 40
293 162 110
293 163 80
293 178 180
293 213 200
293 235 170
293 241 40
293 260 50
293 295 120
294 90 90
294 124 90
294 209 80
294 216 40
295 28 80
295 116 120
295 147 120
296 17 190
296 136 200
296 181 140
296 189 200
296 237 190
296 291 200
297 17 200
297 55 110
297 138 130
297 149 40
297 152 70
297 163 190
297 166 70
297 249 30
298 9 190
298 47 180
298 56 70
298 244 100
298 262 30
299 56 80
299 108 150
299 216 140
299 264 50
300 64 200
300 104 20
300 142 100
300 157 40
300 192 90
300 230 100
300 258 140
301 33 100
301 61 180
301 162 110
301 204 110
301 215 70
302 10 130
302 101 110
302 230 20
302 237 30
302 264 140
302 280 110
303 112 90
303 192 170
303 223 180
303 238 60
303 253 180
303 275 150
303 286 170
304 14 50
304 22 90
304 36 180
304 45 20
304 84 20
304 189 180
304 275 90
304 292 10
305 73 90
305 155 70
305 163 100
305 206 170
305 280 100
306 106 20
306 169 40
306 172 10
306 215 170
306 227 30
306 275 150
307 3 100
307 32 200
307 56 70
307 156 180
308 20 10
308 38 200
308 123 150
308 131 180
308 171 30
308 202 30
308 242 120
309 192 20
309 224 30
309 257 130
310 18 140
310 30 80
310 43 160
310 44 80
310 53 170
310 114 150
310 124 100
310 198 60
310 244 180
311 3 190
311 20 170
311 78 190
311 107 110
311 251 130
312 61 190
312 216 170
313 7 200
313 55 130
313 90 160
313 130 70
313 143 200
313 187 150
313 198 80
313 221 90
313 291 130
314 71 10
314 171 30
314 178 160
315 13 150
315 27 40
315 37 20
315 47 140
315 117 80
315 120 20
315 121 140
315 124 180
315 234 160
316 11 20
316 46 150
316 57 110
316 72 160
316 194 200
316 261 70
317 16 70
317 79 100
317 116 30
317 118 40
317 161 50
317 208 200
317 212 30
317 257 190
318 16 50
318 24 190
318 35 80
318 62 140
318 79 40
318 96 190
318 149 120
318 209 180
318 233 30
318 240 20
318 273 130
318 300 140
319 4 100
319 96 160
319 125 200
319 156 50
319 191 140
319 208 170
319 227 190
319 246 160
320 34 170
320 40 170
320 52 80
320 107 30
320 149 110
320 211 200
321 51 10
321 91 110
321 116 180
321 190 180
321 223 150
321 267 190
321 287 150
322 62 100
322 104 70
322 132 80
322 134 50
322 135 200
322 183 80
322 197 90
322 291 50
323 22 80
323 97 170
323 271 100
323 278 180
324 48 140
324 75 90
324 127 150
324 252 50
325 65 140
325 226 30
325 260 40
325 284 60
326 19 100
326 134 20
326 164 90
326 257 160
327 169 40
328 96 90
328 107 200
328 150 100
328 199 50
328 227 90
328 261 100
328 285 200
328 286 20
328 296 180
329 29 90
329 73 30
329 85 20
329 98 30
329 183 50
329 283 110
329 285 180
330 7 20
330 22 100
330 141 170
330 172 10
330 250 130
330 271 80
330 288 150
331 2 130
331 29 160
331 56 200
331 118 170
331 129 180
331 149 120
331 220 140
332 59 10
332 125 90
332 159 160
332 187 150
332 198 30
333 5 100
333 17 90
333 59 60
333 154 110
333 195 180
333 261 100
334 110 150
334 136 140
334 139 40
334 247 100
334 276 80
335 57 70
335 101 170
335 125 30
335 193 20
335 222 10
335 228 120
335 274 90
335 289 130
335 291 70
336 65 50
336 75 150
336 122 10
336 130 90
336 136 20
336 214 90
336 246 140
336 258 70
337 248 70
337 254 40
338 178 50
339 3 60
339 118 80
339 254 150
339 265 170
339 285 150
340 6 180
340 91 180
340 189 10
340 215 110
341 25 50
341 78 10
341 108 130
341 189 180
341 283 180
342 24 50
342 51 110
342 109 120
342 117 130
342 232 190
342 237 120
342 279 120
343 84 140
343 107 20
343 127 30
343 179 150
343 203 100
343 293 60
344 16 110
344 106 200
344 136 170
344 179 130
344 213 10
345 91 190
345 159 160
345 161 80
345 162 100
345 243 150
345 264 90
346 9 150
346 11 90
346 78 90
346 119 190
347 50 40
347 82 10
347 164 40
347 187 10
347 209 90
348 61 60
348 66 40
348 105 150
348 164 100
348 183 200
348 189 180
348 206 150
348 278 60
349 12 30
349 30 170
349 31 20
349 55 170
349 60 190
349 137 150
349 225 200
349 231 10
349 264 140
350 15 20
350 81 30
350 216 180
351 18 10
351 26 170
351 47 120
351 115 190
351 149 10
351 166 100
351 269 90
351 300 70
352 101 70
352 190 180
352 214 140
352 241 90
352 275 40
353 14 170
353 83 20
353 216 90
354 76 190
354 189 80
354 259 190
355 27 180
355 48 120
356 4 200
356 117 110
356 122 30
356 156 150
356 168 110
357 39 150
357 181 130
357 218 170
357 247 190
358 18 110
358 23 20
358 78 90
358 140 20
358 193 130
358 271 150
358 289 60
359 165 10
360 73 120
360 267 30
360 296 70
361 38 30
361 242 120
361 245 80
361 298 200
362 55 120
362 148 170
362 180 190
362 199 50
362 278 180
362 281 10
362 297 30
363 34 100
363 82 110
363 93 200
363 108 160
363 125 190
363 160 80
363 170 60
363 173 20
363 214 10
363 259 160
363 299 40
364 103 140
364 105 70
364 111 50
364 194 40
364 243 70
364 284 20
364 287 140
365 10 160
365 12 170
365 13 140
365 28 60
365 73 180
365 83 110
365 112 190
365 187 110
365 190 110
365 215 200
365 228 110
365 234 80
365 268 120
365 282 30
366 6 10
366 68 30
366 222 200
366 236 120
366 255 160
366 258 140
367 1 180
367 131 170
367 236 10
367 275 180
367 283 80
368 14 190
368 30 200
368 57 40
368 64 10
368 71 130
368 186 20
369 69 180
369 93 70
369 134 40
369 203 80
369 261 10
370 63 20
370 78 20
370 125 70
370 170 140
370 172 180
370 239 30
370 253 70
371 100 60
372 85 50
372 86 170
372 103 80
372 112 110
372 131 30
372 241 130
373 30 180
373 44 30
373 59 170
374 21 10
374 38 160
374 60 40
374 103 90
374 135 200
375 29 100
375 45 60
375 49 150
375 54 30
375 69 70
375 212 160
375 234 50
375 235 170
375 258 160
375 265 10
376 33 100
376 125 160
377 101 140
377 130 190
377 144 80
377 174 70
377 176 100
377 184 10
377 259 70
378 58 150
378 92 40
378 99 70
378 136 70
378 157 50
378 161 150
378 229 80
378 298 10
379 14 120
379 61 170
379 64 140
379 86 20
379 168 200
379 179 160
379 211 150
379 217 80
379 300 30
380 13 100
380 18 120
380 24 100
380 29 130
380 49 90
380 58 120
380 105 100
380 118 70
380 169 50
380 290 100
381 40 30
381 76 190
381 84 200
381 90 190
381 146 110
381 176 130
382 25 140
382 39 60
382 73 110
382 92 190
382 143 140
382 205 70
382 207 80
382 225 180
383 5 20
383 28 90
383 40 70
383 55 180
383 145 90
383 246 110
383 266 50
384 25 150
384 48 200
384 56 160
384 165 90
384 194 10
384 270 150
385 25 50
385 112 180
386 31 10
386 137 200
386 276 100
386 288 200
387 9 190
387 46 30
387 63 160
387 112 200
387 154 170
387 175 130
388 41 110
388 66 110
388 164 150
388 167 20
388 207 20
388 300 90
389 31 70
389 70 160
389 187 160
389 237 150
389 260 100
389 299 170
390 9 20
390 40 70
390 50 70
390 117 200
390 190 50
390 202 130
390 212 90
390 276 130
391 31 140
391 71 50
391 73 30
391 150 10
391 161 170
391 185 120
391 204 60
391 229 70
392 54 80
392 96 10
392 98 120
392 150 30
392 211 120
392 214 130
392 254 190
392 268 180
393 7 120
393 77 160
393 156 190
393 168 80
393 188 50
393 206 180
393 214 190
394 4 80
394 81 160
394 215 100
395 14 200
395 54 140
395 113 80
395 122 130
395 157 160
395 273 170
396 10 110
396 56 60
396 70 10
396 160 110
396 263 170
396 269 30
396 296 20
397 41 130
397 236 20
397 238 120
397 240 70
397 263 50
398 33 70
398 53 150
398 54 110
398 56 70
398 64 50
398 85 20
398 214 100
399 17 120
399 24 20
399 53 30
399 68 70
399 106 70
400 2 60
400 29 110
400 94 170
400 192 50
401 50 50
401 67 150
401 142 50
401 221 30
401 257 100
402 56 40
402 80 100
402 118 130
402 120 190
402 122 130
402 132 90
402 145 160
402 291 180
403 64 30
403 65 90
403 143 90
403 158 150
403 224 150
404 205 100
405 12 40
405 72 10
405 79 10
405 97 130
405 126 20
405 131 120
405 288 70
406 12 120
406 20 200
406 97 70
406 127 60
406 190 10
406 270 70
406 290 50
407 19 200
407 28 40
407 74 110
407 97 40
407 153 30
407 177 160
407 188 50
407 192 30
407 263 60
408 57 30
408 67 20
408 139 180
408 199 150
408 267 180
409 135 160
409 199 130
409 209 190
409 257 180
410 93 80
410 131 30
410 196 130
411 45 120
411 48 160
411 64 150
411 66 100
411 72 130
411 94 80
411 237 60
411 292 200
412 41 170
412 73 80
412 192 60
413 74 200
413 162 170
413 175 10
413 211 100
413 219 30
413 232 30
413 267 70
413 288 90
413 298 110
414 103 70
414 141 180
414 144 20
414 151 120
414 165 10
414 171 150
414 174 150
414 254 130
414 289 80
415 6 170
415 17 10
415 46 80
415 181 200
415 200 90
415 251 130
415 297 70
416 25 80
416 53 190
416 90 180
416 128 110
416 193 170
416 212 50
416 249 150
417 163 40
417 270 140
417 297 80
418 63 20
418 75 60
418 117 120
418 139 100
418 192 160
418 194 170
418 279 40
418 284 180
419 8 150
419 44 50
419 69 10
419 84 140
419 105 120
419 226 70
419 257 40
419 276 20
420 98 40
420 117 110
420 144 20
420 147 140
420 191 70
420 237 90
420 268 150
421 150 160
422 45 180
422 137 160
422 147 140
422 189 160
422 267 120
422 293 190
423 9 170
423 17 140
423 39 60
423 177 160
423 215 150
423 268 70
423 269 200
423 299 100
424 1 200
424 64 50
424 194 170
424 289 120
425 65 140
425 136 140
425 192 130
425 212 140
425 218 100
425 225 180
425 288 190
426 32 160
426 41 10
426 131 130
426 133 20
426 147 70
426 168 150
426 239 140
426 287 80
427 8 90
427 184 50
427 204 170
427 205 100
427 234 90
428 26 170
428 62 180
428 74 120
428 84 110
428 133 50
428 181 110
428 213 40
428 220 40
429 43 30
429 90 100
429 122 50
429 145 110
429 149 110
429 207 80
429 238 10
429 270 80
430 52 50
430 59 200
430 64 100
430 74 100
430 82 140
430 111 20
430 122 10
430 190 10
430 290 40
431 91 170
432 7 120
432 56 20
432 62 70
432 109 130
432 182 140
432 185 10
432 189 180
433 8 150
433 27 180
433 56 150
433 95 20
433 126 50
433 166 100
433 200 180
433 257 70
433 271 50
434 151 10
434 206 170
434 246 80
434 262 130
435 44 130
435 115 130
435 117 70
436 44 70
436 126 10
436 150 200
436 160 200
436 261 90
437 47 120
437 92 100
437 232 40
437 233 160
437 280 90
438 56 160
438 208 130
438 209 30
438 251 40
438 272 70
438 274 180
439 4 90
439 68 110
439 159 50
439 176 110
439 183 120
439 224 200
439 228 180
439 230 180
439 267 30
439 278 190
440 3 140
440 27 110
440 126 200
440 163 50
441 7 200
441 122 170
441 141 160
441 187 30
441 298 110
442 30 140
442 67 130
442 72 120
442 182 10
442 201 60
442 225 90
442 248 140
442 271 90
442 288 20
443 97 190
443 113 130
443 141 80
443 180 160
443 246 200
443 287 20
443 298 150
443 299 190
444 34 80
444 65 10
444 93 50
444 122 170
444 123 140
444 125 130
444 131 120
444 146 100
444 154 10
444 189 40
444 207 170
445 16 110
445 55 160
445 76 90
446 56 20
446 93 150
446 247 190
447 33 160
447 48 70
447 76 60
447 87 40
447 95 130
447 121 140
447 154 130
447 167 150
447 188 150
447 256 180
448 88 170
448 173 180
448 233 10
448 249 80
448 276 60
448 295 100
449 36 110
449 63 60
449 88 50
449 167 60
449 187 180
449 203 140
449 218 60
449 233 100
449 245 130
450 130 200
450 205 80
450 269 30
451 25 110
451 43 40
451 91 130
451 114 50
451 115 110
451 239 40
451 293 170
451 296 140
452 26 160
452 27 10
452 171 160
452 183 130
452 242 190
452 291 140
453 1 150
453 15 160
453 84 50
453 90 50
453 116 160
453 276 200
454 12 150
454 16 140
454 29 160
454 46 150
454 70 70
454 135 180
454 236 50
455 10 10
455 54 200
455 59 40
455 62 130
455 111 190
455 144 190
455 177 60
455 213 10
455 245 100
455 273 10
456 11 90
456 162 100
456 230 150
456 234 160
456 251 40
457 39 30
457 119 20
457 162 160
457 203 130
458 17 110
458 41 60
458 72 20
458 83 90
458 166 170
458 176 40
458 217 60
459 14 20
459 46 40
459 91 140
459 176 190
459 228 30
460 109 150
460 121 110
460 148 170
460 225 160
460 239 80
460 278 70
461 51 90
461 89 110
461 101 150
461 206 50
461 242 60
461 243 190
462 41 120
462 45 90
462 139 100
462 151 200
462 173 190
462 211 40
462 234 20
462 271 100
462 281 110
463 60 100
463 72 60
463 112 50
463 133 200
463 220 20
463 227 200
463 276 90
464 22 80
464 79 10
464 121 100
464 163 70
464 197 20
464 205 200
464 210 120
464 298 40
465 140 160
466 100 60
466 108 40
466 135 100
466 172 70
466 194 130
466 200 60
466 241 90
466 270 80
466 288 30
467 20 190
467 46 200
467 63 160
467 82 150
467 120 170
467 152 150
467 165 20
467 192 180
467 241 190
467 255 30
467 259 160
468 115 60
468 148 200
468 158 80
468 204 110
468 205 60
468 248 180
468 298 180
469 114 160
469 128 30
469 151 130
469 185 50
469 247 30
470 4 110
470 11 40
470 49 170
470 77 40
470 206 190
470 292 80
471 8 170
471 54 130
471 101 100
471 157 90
471 218 30
471 226 180
471 227 80
471 273 170
472 70 10
472 179 10
472 182 160
472 189 70
472 190 110
472 210 90
472 257 200
472 292 160
473 25 40
473 124 130
473 156 10
473 203 110
474 7 190
474 36 90
474 156 120
474 212 170
474 219 80
474 229 120
474 259 200
475 5 10
475 67 120
475 97 20
475 107 120
475 139 160
475 158 150
475 268 60
475 274 160
475 289 110
476 1 110
476 84 10
476 94 40
476 209 200
476 296 70
477 39 50
477 49 180
477 57 20
477 79 40
477 160 200
477 268 130
477 291 10
478 5 100
478 49 30
478 82 170
478 87 40
478 100 30
478 199 30
478 220 170
479 21 130
479 133 170
479 274 150
479 295 70
480 59 50
480 157 80
480 180 180
480 184 170
481 33 50
481 64 140
481 115 150
481 146 90
481 175 50
481 188 70
481 192 160
482 61 20
482 153 70
482 157 100
482 202 60
482 252 140
482 282 40
483 112 50
483 156 10
483 218 170
483 250 50
483 300 30
484 164 60
484 246 60
485 204 180
485 230 10
486 53 10
486 136 90
486 137 20
486 175 140
486 205 170
486 285 40
487 137 190
487 163 160
487 186 30
487 224 90
488 81 90
488 141 90
488 207 10
488 263 140
489 3 90
489 7 90
489 10 10
489 15 50
489 25 160
489 30 30
489 41 10
489 115 70
489 252 10
489 285 190
490 8 190
490 50 100
490 69 180
490 146 30
490 211 30
490 246 160
490 293 200
491 102 10
491 159 90
491 218 100
491 233 30
491 263 130
491 282 10
492 6 20
492 62 150
492 133 180
492 137 100
492 183 140
492 234 30
493 1 190
493 69 70
493 93 50
493 99 200
493 286 140
494 39 70
494 63 50
494 104 60
494 126 170
494 127 200
494 172 160
494 227 40
495 9 190
495 22 140
495 179 90
496 32 70
496 104 160
496 180 120
496 186 170
496 199 190
496 223 50
496 244 10
496 274 180
497 11 10
497 15 80
497 26 70
497 239 40
497 264 100
497 283 100
498 2 190
498 62 10
498 145 90
498 156 190
499 120 70
499 250 40
499 290 60
499 294 90
499 298 140
500 84 130
500 157 40
500 203 40
501 13 50
501 20 90
501 25 30
501 37 180
501 110 160
501 135 190
501 153 30
501 180 90
501 231 70
502 144 100
502 191 150
502 287 120
503 26 20
503 59 80
503 71 180
503 132 100
503 273 10
503 298 80
504 18 70
504 165 160
504 274 160
504 277 30
505 85 190
505 109 200
505 128 130
505 170 10
505 176 130
505 183 80
505 193 70
505 259 180
505 295 10
506 90 140
506 212 50
506 229 160
506 243 20
507 34 50
507 49 20
507 98 50
507 134 160
507 205 10
507 245 140
508 48 170
508 80 10
508 96 170
508 123 180
508 134 50
508 151 100
508 169 140
508 193 20
508 231 40
509 8 130
509 27 110
509 128 130
509 210 90
510 179 10
510 185 150
510 206 100
510 221 70
510 249 200
510 262 160
510 275 80
511 44 40
511 49 180
511 72 110
511 113 20
511 124 150
512 22 200
512 149 50
512 279 30
513 8 160
513 27 20
513 74 200
513 109 30
513 128 200
513 235 70
513 292 90
514 36 150
514 44 50
514 108 80
514 117 200
514 132 170
514 148 90
514 159 100
514 243 130
514 285 90
515 6 160
515 69 10
515 89 60
515 106 160
515 178 130
515 208 190
515 271 110
516 151 90
516 202 10
516 295 30
517 37 100
517 171 160
517 188 80
518 100 80
518 195 90
518 213 200
519 37 200
519 74 150
519 110 150
519 197 130
519 234 150
519 290 80
520 7 70
520 54 90
520 121 150
520 237 190
520 239 60
520 271 60
521 10 50
521 68 80
521 91 60
521 132 50
521 138 200
521 201 100
521 210 100
521 228 140
521 253 20
521 290 100
522 51 160
522 95 200
522 131 170
522 200 130
522 265 120
523 55 110
523 109 60
523 117 110
523 168 110
523 179 170
523 263 20
524 69 90
524 142 90
524 195 120
524 207 140
524 217 120
524 224 100
525 97 180
525 128 100
525 170 90
525 204 30
525 208 110
525 258 90
525 273 30
526 38 90
526 149 190
526 166 170
526 218 30
526 244 130
527 11 100
527 14 150
527 73 90
527 106 30
527 153 50
527 168 110
527 255 20
528 80 180
528 135 10
528 152 150
528 256 140
528 299 30
529 39 110
529 157 200
529 240 130
530 1 200
530 72 150
530 143 20
530 149 180
530 170 10
530 175 20
530 182 180
530 198 130
530 209 70
531 67 130
531 109 20
531 190 130
531 213 160
531 263 120
532 116 60
532 137 80
532 206 150
533 139 160
533 189 110
533 262 60
534 87 60
534 98 20
534 129 40
534 218 70
534 227 180
534 264 70
534 294 50
535 58 180
535 128 50
535 139 80
535 182 120
535 197 50
535 261 160
535 269 10
536 90 90
536 182 50
536 192 50
536 256 40
536 285 40
537 170 180
537 177 30
537 189 70
538 23 80
538 64 160
538 79 70
538 167 140
538 172 50
538 193 200
538 274 110
539 28 50
539 92 110
539 96 110
539 182 30
539 217 60
539 231 30
539 277 160
539 285 130
540 34 130
540 98 180
540 198 50
540 243 30
541 162 40
541 214 40
541 219 200
541 287 100
542 3 60
542 31 150
542 91 140
542 98 180
542 102 30
542 190 130
543 68 110
543 105 40
543 125 60
543 192 190
543 193 110
543 235 30
543 251 100
543 263 40
544 210 30
545 68 180
545 158 20
545 199 120
545 209 120
545 236 160
546 107 180
546 144 60
546 193 40
546 211 170
546 299 130
547 35 30
547 36 110
547 48 100
547 56 160
547 80 20
547 99 190
547 157 130
547 199 140
547 257 170
548 16 70
548 85 130
548 141 200
548 245 150
548 275 40
549 146 40
550 34 140
550 51 130
550 86 140
550 89 80
550 103 30
550 135 80
550 159 160
550 205 80
550 242 150
550 250 70
550 286 150
551 111 150
552 107 40
552 158 90
552 211 180
552 300 170
553 76 120
553 112 120
553 115 190
553 161 130
553 220 60
553 228 40
553 286 20
554 83 30
554 205 100
554 207 50
554 243 10
554 283 100
555 7 20
555 25 200
555 46 20
555 47 100
555 90 80
555 92 130
555 98 150
555 183 10
555 201 160
555 204 120
556 86 140
556 132 50
556 139 150
556 168 130
556 195 130
557 19 120
557 21 20
557 54 170
557 71 80
557 96 40
557 248 120
557 285 180
557 294 40
557 299 40
558 60 200
558 112 150
558 150 40
558 168 130
558 192 80
558 289 10
559 22 100
559 59 140
559 105 20
559 112 130
559 163 110
559 224 180
559 250 120
559 281 20
560 38 200
560 132 20
560 195 20
560 247 100
560 249 40
560 290 150
561 66 30
561 195 40
561 244 140
561 294 40
562 119 40
562 168 60
562 200 180
562 258 120
562 271 170
563 9 80
563 32 140
563 184 30
563 205 200
563 234 60
564 33 110
564 42 200
564 82 10
564 167 80
564 267 70
564 273 140
565 110 140
565 129 140
565 218 130
565 224 30
565 243 140
565 287 110
566 81 120
566 158 110
566 184 160
566 220 160
566 279 100
567 62 160
567 130 160
567 141 30
567 187 160
568 1 190
568 56 100
568 58 20
568 78 200
568 92 170
568 147 40
568 173 200
569 8 140
569 42 180
569 50 20
569 145 70
569 148 130
569 169 80
569 221 200
569 296 140
570 29 120
570 88 200
570 110 180
570 122 100
570 168 200
570 226 20
571 22 120
571 72 30
571 73 200
571 191 100
571 218 70
571 229 120
572 39 160
572 190 30
572 256 90
572 293 110
573 108 80
573 167 150
573 205 110
573 268 190
573 270 60
574 76 10
574 117 80
574 171 160
574 213 20
574 215 10
574 222 70
574 298 200
575 31 140
575 134 70
575 187 10
575 191 90
575 202 120
575 266 50
575 280 120
576 8 70
576 92 40
576 154 80
576 242 120
576 300 10
577 70 130
577 74 30
577 101 130
577 105 60
577 150 180
578 1 170
578 30 90
578 72 190
578 125 70
578 148 70
578 173 90
579 5 100
579 11 50
579 49 120
579 286 80
580 36 140
580 110 80
580 292 10
581 46 180
581 67 120
581 75 80
581 234 190
581 256 60
581 263 140
581 297 140
581 299 20
582 93 150
582 101 30
582 139 10
582 225 40
582 288 130
582 292 20
583 15 150
583 20 170
583 47 180
583 76 80
583 137 160
583 203 150
583 256 30
583 291 130
584 109 90
584 113 130
584 120 10
584 228 130
584 276 50
585 21 50
585 94 120
585 194 120
585 264 170
585 268 200
585 289 140
585 300 140
586 53 170
586 84 100
586 158 150
586 180 90
586 183 200
586 197 80
586 221 190
586 279 70
586 297 10
587 59 10
587 162 170
587 183 150
587 214 100
587 223 190
588 15 170
588 63 50
588 101 190
588 175 60
588 205 200
588 262 30
589 26 150
589 53 120
589 61 20
589 102 120
589 142 120
589 144 190
589 153 120
589 177 180
589 257 50
590 7 160
590 27 140
590 44 170
590 45 90
590 75 90
590 101 130
590 122 70
590 158 190
590 168 110
590 241 140
590 253 10
590 267 130
591 13 200
591 55 100
591 65 100
591 127 30
591 156 170
591 192 90
591 292 40
592 6 70
592 11 170
592 120 20
592 134 30
592 152 90
592 157 70
592 263 160
593 2 20
593 4 160
593 61 160
593 119 170
593 145 200
593 173 190
593 195 110
593 200 140
593 227 100
593 233 40
594 51 60
594 230 130
594 265 110
594 288 120
595 8 200
595 53 40
595 79 30
595 98 60
595 131 200
595 166 120
595 265 80
595 298 90
596 1 180
596 70 160
596 90 40
596 213 10
597 145 160
597 153 50
597 187 190
597 188 150
597 190 180
597 206 60
597 269 30
597 273 100
597 300 110
598 14 100
598 36 30
598 40 200
598 69 80
598 75 180
598 148 160
598 152 90
598 180 140
598 187 170
598 194 180
598 219 80
599 18 90
599 62 120
599 110 140
599 115 110
599 187 90
599 194 70
599 249 60
600 4 120
600 24 20
600 31 60
600 56 100
600 134 100
600 169 150
600 185 190
600 186 170
600 288 100
601 101 20
601 112 160
601 128 120
601 198 10
602 42 160
602 69 70
602 76 150
602 87 10
602 129 120
602 273 190
602 280 110
603 67 40
603 123 130
603 131 40
603 175 140
603 205 90
603 240 70
603 269 100
604 4 50
604 121 20
604 179 110
604 259 80
604 265 150
604 281 100
605 4 140
605 62 100
605 95 150
605 96 190
605 212 170
606 33 130
606 64 200
606 85 90
606 216 140
606 248 80
606 253 90
606 266 50
606 271 200
606 278 90
606 287 20
606 295 80
606 297 170
607 130 150
607 145 190
607 252 40
607 287 110
608 52 10
608 157 120
608 194 50
608 209 90
608 289 190
609 67 70
609 177 190
609 223 50
610 71 60
610 195 30
610 232 100
611 3 170
611 28 100
611 134 60
611 263 190
611 269 60
611 274 80
612 64 170
612 136 20
612 293 30
613 47 10
613 50 140
613 65 180
613 164 130
614 34 30
614 52 120
614 180 20
614 286 40
615 2 140
615 53 200
615 144 60
615 262 190
616 71 60
616 124 50
616 154 70
616 180 50
616 225 70
616 227 10
616 265 200
616 266 180
616 271 110
616 290 150
617 72 130
617 256 70
618 67 200
618 186 30
618 257 190
618 293 170
619 12 130
619 18 120
619 36 150
619 38 60
619 43 130
619 58 150
619 90 140
619 92 20
619 121 160
619 135 20
619 221 30
619 240 70
620 11 170
620 113 60
620 168 20
620 242 80
620 244 10
620 258 120
620 269 150
620 295 180
621 110 60
621 170 110
621 208 90
621 258 150
621 293 130
621 298 120
622 62 100
622 100 100
622 147 180
622 157 90
622 158 130
622 159 30
622 179 130
622 224 20
623 27 80
623 117 20
623 181 200
623 253 200
624 29 20
624 40 130
624 51 70
624 60 100
624 83 40
624 93 150
624 114 80
624 162 110
624 237 70
624 266 80
624 273 50
624 278 120
625 217 150
626 13 180
626 24 90
626 134 10
626 154 90
626 161 200
626 214 10
626 263 80
626 292 50
627 32 140
627 68 190
627 144 180
627 253 200
627 287 180
628 13 130
628 75 100
628 86 90
628 127 180
628 149 90
628 158 40
628 168 80
628 212 60
628 223 160
629 7 60
629 111 110
629 129 50
629 199 80
629 203 150
629 286 180
630 28 130
630 129 110
630 183 40
630 184 160
631 107 60
631 174 60
631 222 120
631 249 70
632 13 10
632 23 120
632 42 40
632 114 150
632 135 30
632 156 160
632 227 70
632 241 150
632 257 90
633 16 180
633 143 60
633 199 180
634 7 90
634 10 130
634 78 100
634 121 130
634 231 190
634 280 80
635 132 180
635 135 110
635 153 180
635 199 120
636 3 40
636 7 120
636 109 160
636 117 110
636 166 200
636 280 30
637 8 140
637 17 170
637 77 110
637 95 110
638 25 120
638 50 160
638 149 150
638 167 70
638 267 60
639 21 160
639 44 20
639 59 170
639 152 40
639 205 120
639 278 60
640 218 10
640 228 80
640 296 10
641 45 190
641 50 180
641 92 20
641 99 50
641 120 140
641 174 110
642 12 180
642 22 90
642 68 170
642 90 180
642 110 190
642 126 60
642 149 180
642 167 40
642 197 20
642 255 110
643 52 80
643 54 110
643 161 110
643 180 80
643 193 20
643 202 70
643 263 130
643 269 140
644 13 10
644 208 30
645 18 160
645 78 10
645 120 170
645 196 190
645 210 50
645 283 50
645 296 190
645 298 140
646 143 90
646 176 90
646 179 80
646 232 80
646 294 100
647 82 190
647 100 200
647 217 50
647 226 190
647 283 50
647 296 130
648 22 110
648 45 110
648 95 100
648 186 50
649 9 30
649 44 180
649 89 160
649 198 80
649 205 120
649 218 80
649 260 100
649 264 60
650 22 10
650 80 150
650 114 20
650 124 200
650 154 50
650 214 110
650 217 130
650 270 110
651 66 120
651 67 70
651 68 140
651 190 110
651 194 60
651 201 30
651 251 50
651 257 60
651 278 190
652 63 40
652 114 170
652 121 200
652 181 120
652 204 180
652 207 100
652 217 120
653 6 100
653 121 70
653 138 130
653 164 110
653 182 160
654 5 50
654 47 120
654 48 100
654 135 190
654 202 200
654 249 30
656 27 30
656 234 180
656 246 20
656 267 70
656 293 80
657 36 20
657 129 50
657 135 150
657 175 190
657 213 160
658 27 80
658 58 110
658 92 130
658 222 30
658 264 80
658 277 30
659 22 120
659 91 200
659 151 120
659 153 120
659 256 70
659 294 50
660 12 180
660 34 40
660 35 10
660 46 40
660 83 160
660 91 90
660 120 10
660 154 190
660 200 190
660 237 90
660 279 70
660 300 50
661 53 100
661 60 150
661 280 180
662 55 20
662 133 200
662 149 80
663 12 150
663 115 50
663 135 110
663 243 70
663 254 150
663 265 70
664 2 50
664 10 120
664 103 120
664 129 80
664 242 60
664 243 140
665 16 130
665 18 110
665 42 70
665 147 140
665 204 120
665 212 200
665 223 160
665 232 30
665 261 100
665 279 10
666 39 10
666 92 150
666 171 120
666 175 200
666 262 30
667 11 30
667 66 50
667 128 80
667 230 70
667 239 60
668 24 130
668 34 160
668 49 180
668 68 70
668 94 30
668 100 80
668 167 170
668 196 120
669 20 160
669 46 40
669 63 120
669 126 20
669 131 170
669 140 160
669 180 170
669 300 170
670 83 20
670 135 110
670 159 30
670 206 190
670 211 70
670 292 60
671 12 140
671 66 180
671 118 100
671 181 30
671 262 160
672 50 70
672 171 130
672 190 50
672 202 80
672 244 160
672 291 150
673 40 40
673 103 200
673 136 50
673 154 140
673 270 50
673 272 80
673 290 150
674 29 70
674 111 160
674 172 150
674 211 90
674 232 80
674 295 20
675 107 40
675 176 20
675 178 70
675 214 120
675 255 50
675 299 60
676 43 180
676 82 110
676 94 90
676 104 10
676 133 200
676 170 160
676 212 70
677 12 150
677 70 110
677 80 130
677 139 190
677 187 80
677 232 30
677 280 140
678 68 30
678 160 10
678 165 80
678 203 60
678 204 170
679 31 40
679 49 150
679 54 40
679 63 180
679 121 80
679 200 100
679 211 160
679 243 100
679 289 70
679 291 30
679 294 80
680 5 170
680 14 60
680 34 10
680 49 160
680 71 140
680 123 120
680 140 160
680 151 50
680 156 10
680 185 90
680 195 100
680 197 80
680 264 70
680 265 150
681 10 100
681 22 100
681 45 90
681 109 120
681 113 150
681 128 80
681 144 100
681 158 70
681 202 100
682 28 40
682 96 200
682 123 200
682 237 140
682 245 110
682 282 20
683 25 80
683 42 60
683 44 20
683 56 200
683 128 110
683 193 140
683 196 70
683 207 160
683 243 120
683 249 200
683 273 10
683 282 110
683 288 180
683 293 70
684 31 120
684 160 120
684 168 90
684 182 150
684 223 50
685 129 10
685 174 130
685 274 40
685 286 90
686 10 120
686 48 150
686 168 40
686 224 140
686 235 100
686 300 20
687 27 10
687 56 30
687 57 10
687 156 70
687 158 50
687 173 160
687 234 30
687 275 190
687 295 180
688 2 190
688 61 20
688 66 130
688 115 190
688 159 80
688 199 40
688 243 150
688 257 110
688 280 30
689 2 110
689 13 10
689 20 90
690 29 190
690 34 100
690 46 100
690 86 160
690 211 100
690 236 180
691 68 160
691 176 10
692 126 190
692 161 80
692 282 120
693 25 80
693 26 130
693 35 160
693 53 50
693 65 50
693 83 10
693 176 160
693 217 190
693 263 180
693 284 130
694 67 90
694 127 60
694 133 60
694 211 150
694 275 200
695 5 110
695 8 190
695 46 100
695 74 160
695 245 200
695 282 120
696 40 180
696 94 80
696 184 120
696 240 150
696 279 140
697 49 170
697 52 130
697 129 110
697 219 70
697 250 60
698 23 160
698 45 40
698 55 120
698 129 70
698 213 10
698 219 120
699 93 190
699 107 130
699 130 150
699 137 20
699 196 140
699 246 60
699 300 90
700 47 160
700 152 150
700 159 30
700 191 30
700 218 30
700 230 90
700 291 60
