800 750
539 187
511 695
374 278
240 221
211 398
125 480
500 781
499 483
767 341
575 689
416 18
77 467
205 526
753 418
717 164
455 570
443 247
119 656
104 323
315 230
287 52
707 29
621 758
761 394
513 493
769 139
272 743
323 411
188 782
236 612
597 514
273 117
352 102
21 725
440 249
685 183
498 456
643 175
518 546
248 227
138 237
78 197
449 23
644 160
277 399
482 432
544 53
248 279
305 687
3 206
493 62
249 16
468 433
355 670
517 88
279 26
709 475
589 358
444 395
729 297
736 217
78 702
86 103
358 392
22 572
487 290
111 124
554 435
395 470
236 563
308 640
677 590
631 608
279 328
680 108
490 254
341 70
39 773
608 95
129 431
600 788
362 762
199 505
590 772
161 257
518 790
474 609
706 271
394 69
517 639
13 225
223 232
366 73
708 797
325 676
274 212
414 703
797 659
124 799
325 338
221 345
665 143
96 453
537 611
325 688
621 775
756 529
544 175
320 383
126 191
544 45
129 160
784 613
659 140
182 372
791 774
680 454
12 4
45 275
146 369
336 298
40 215
420 582
756 666
5 605
349 83
608 378
539 245
782 342
774 507
418 62
64 402
617 400
201 384
489 531
514 564
180 28
542 310
741 263
580 594
676 173
160 233
474 743
696 588
665 674
298 252
250 368
799 361
767 488
406 713
621 92
8 222
88 141
567 300
351 731
760 127
53 261
399 105
8 713
252 176
672 649
351 765
661 678
250 85
333 604
572 647
111 233
247 140
772 196
154 387
300 347
24 200
305 543
263 135
141 207
198 50
532 235
611 242
500 12
187 219
33 525
515 68
431 233
103 629
352 587
17 192
416 225
661 588
242 527
105 625
672 79
194 311
219 625
157 99
490 705
180 666
443 11
741 18
339 136
352 448
629 41
398 738
482 375
431 219
310 391
85 536
183 388
435 715
191 609
375 247
739 776
665 524
275 270
532 371
435 442
492 438
582 683
565 307
135 727
702 239
211 609
28 122
589 227
203 397
580 648
247 118
195 718
300 1
738 719
364 25
366 628
369 510
232 266
756 215
232 536
590 9
102 337
232 156
390 90
680 78
227 668
198 138
612 327
26 476
63 132
28 326
237 347
121 417
349 246
102 675
146 222
33 761
669 184
136 2
420 340
669 395
773 4
184 620
217 338
708 203
18 87
772 553
786 701
518 266
487 604
63 626
62 95
15 373
655 208
180 546
501 469
476 66
235 433
209 331
225 641
701 268
324 623
217 413
800 552
748 214
432 131
97 178
707 340
102 770
1 547
475 765
435 658
611 7
628 401
73 796
215 6
283 663
540 147
676 9
205 500
329 313
625 704
613 379
233 326
384 212
449 19
575 450
40 658
136 402
714 459
150 730
701 176
634 673
706 301
214 653
139 545
455 662
304 255
776 415
89 635
774 466
369 686
8 153
283 541
242 171
693 393
647 744
711 60
689 357
575 388
443 140
325 308
118 496
470 424
489 527
701 282
164 576
668 155
765 681
212 380
539 106
18 347
216 56
372 346
200 713
480 506
531 535
449 599
576 170
395 319
298 410
180 370
626 471
480 745
680 698
469 26
760 42
718 166
14 148
769 638
245 7
443 745
371 168
539 284
541 318
607 615
331 303
676 752
48 519
448 646
725 719
371 439
420 383
741 189
708 84
589 280
501 402
519 202
212 279
125 651
756 467
211 80
23 596
698 789
97 443
406 266
187 610
146 571
789 578
297 31
239 176
233 486
104 732
16 770
477 491
654 204
499 206
662 472
122 428
11 795
110 348
374 270
456 723
119 627
693 317
48 4
748 606
539 405
130 478
724 98
791 653
375 263
612 51
769 279
287 219
635 81
786 447
308 304
688 641
558 642
693 106
317 604
696 718
203 108
80 60
415 367
650 37
126 196
559 522
531 608
554 80
515 204
188 708
37 107
651 225
393 200
157 213
207 181
486 382
211 415
492 653
119 209
474 286
14 587
380 59
24 660
627 737
358 505
397 378
431 296
539 676
590 427
483 598
706 358
38 112
129 114
756 611
646 720
698 149
332 36
435 144
70 174
232 593
443 529
25 701
197 323
673 55
596 679
797 423
395 263
717 701
792 465
696 476
565 116
541 360
791 642
668 430
788 168
146 293
246 369
21 778
4 561
391 671
316 363
490 441
664 763
90 534
664 781
342 749
102 296
46 251
685 695
478 448
617 715
157 67
700 771
553 614
686 256
518 373
537 51
307 52
178 267
662 418
230 591
782 131
362 493
438 533
307 428
332 418
397 798
456 636
121 108
342 258
184 426
352 295
662 36
12 692
477 640
41 618
606 141
552 167
2 496
119 69
223 318
560 58
200 681
757 285
748 508
129 167
353 321
466 359
493 630
673 219
170 699
757 442
590 74
44 579
537 185
38 134
578 265
528 243
468 194
401 105
498 263
321 657
676 506
731 615
542 373
392 389
665 204
12 179
516 101
390 568
53 207
191 778
631 772
447 266
648 452
756 120
644 386
364 600
733 551
772 684
307 331
60 327
23 564
570 87
515 685
341 186
33 793
121 75
623 302
773 133
748 372
466 72
551 347
507 691
498 723
340 193
223 116
126 526
387 230
505 509
751 396
9 6
322 385
189 371
487 632
266 173
745 123
138 231
221 413
122 262
560 642
36 573
551 312
483 663
320 430
405 326
44 497
467 445
34 238
688 231
700 279
449 450
706 357
5 670
500 428
693 662
148 167
487 59
416 662
110 591
638 429
283 569
51 720
568 393
136 360
285 754
482 422
146 678
682 783
416 639
230 509
623 16
80 446
783 155
392 30
407 365
85 794
492 612
180 523
111 292
599 637
651 186
157 50
101 423
64 620
469 768
541 598
766 652
767 479
673 328
634 678
262 218
299 288
200 309
69 379
743 493
8 611
257 103
724 387
578 586
589 447
229 145
480 770
374 200
560 232
192 750
119 156
482 285
696 598
157 528
490 140
106 716
369 788
770 712
240 673
439 624
626 155
568 378
471 486
789 726
435 27
225 777
707 140
692 415
511 137
68 76
305 642
500 181
352 146
211 328
606 718
535 344
274 683
597 98
44 394
208 400
199 265
203 704
146 466
772 359
390 355
10 779
202 538
268 592
510 165
737 521
790 738
162 562
180 632
325 498
763 673
126 687
539 241
700 455
45 151
122 446
632 523
13 639
209 586
579 189
498 662
209 85
118 719
631 276
368 689
796 548
583 603
563 577
101 61
609 123
75 62
518 605
178 147
349 394
437 334
11 356
86 109
288 69
443 375
182 627
478 776
86 411
533 476
439 576
660 547
761 4
55 727
216 258
749 581
551 306
15 520
733 525
352 621
187 618
251 177
25 574
223 375
273 366
441 750
96 358
85 446
625 264
40 30 10 100 100 40 10 30 100 90 20 60 30 60 30 30 30 20 90 20 60 60 90 90 80 30 30 70 50 100 100 10 50 100 70 40 20 50 60 10 30 90 50 70 60 70 20 30 90 90 30 50 60 50 20 70 20 30 20 70 10 90 100 50 40 80 20 40 50 70 30 60 70 90 80 60 20 40 60 60 60 60 70 10 90 40 60 80 20 70 60 90 60 90 20 50 10 40 50 50 20 40 100 30 50 50 80 50 80 10 80 50 50 80 30 10 50 10 20 70 10 50 60 60 70 100 30 60 70 60 100 70 60 40 60 80 30 90 100 50 20 30 60 50 30 50 10 80 40 30 40 10 60 90 60 30 70 90 10 50 30 80 70 30 70 80 50 100 10 90 100 100 100 70 20 60 60 80 70 20 100 60 100 50 10 70 20 100 80 60 50 80 100 100 100 20 70 100 80 40 90 90 40 30 30 10 10 60 30 30 80 20 20 50 70 20 70 40 100 30 100 60 90 40 60 80 80 30 80 50 90 10 40 60 70 70 40 40 10 70 20 80 20 10 90 100 50 50 80 60 70 10 90 20 50 100 70 60 20 90 40 60 40 100 80 40 10 30 20 100 50 70 80 10 70 40 40 60 10 100 30 40 90 20 70 100 100 90 80 20 60 40 90 90 80 80 70 100 60 40 100 90 10 70 60 50 20 80 30 70 50 20 50 90 60 90 20 40 40 60 40 40 100 50 30 60 10 100 80 70 30 20 20 50 50 50 20 80 40 20 40 10 50 60 80 10 10 90 20 60 30 80 80 50 20 80 100 90 20 60 20 90 100 40 40 80 40 80 90 50 50 90 80 60 20 90 90 80 60 50 30 60 100 80 40 50 30 90 80 60 70 70 30 60 50 60 10 20 60 10 10 50 10 40 20 30 40 20 30 30 60 20 50 30 30 90 40 50 20 10 10 60 60 50 40 50 50 10 40 80 70 10 70 100 30 100 90 20 10 80 100 30 20 70 90 40 20 40 40 60 90 90 70 20 40 100 100 50 90 30 60 80 50 10 40 100 30 30 10 80 40 80 50 80 30 70 100 10 80 50 20 80 40 10 60 20 30 90 50 40 70 70 10 90 70 40 40 50 90 100 80 40 40 40 10 90 70 100 30 10 10 10 100 50 70 30 30 70 50 90 10 90 90 80 10 100 40 10 60 90 30 40 20 100 20 50 80 60 100 30 80 20 20 10 20 40 70 20 50 50 30 100 10 100 10 100 40 70 20 80 50 90 40 40 10 80 70 100 40 30 80 70 20 60 50 60 60 60 80 80 50 60 50 20 80 90 60 50 40 40 30 20 10 60 50 10 70 40 40 60 100 40 70 70 30 10 80 90 80 50 20 100 70 100 10 60 30 80 40 80 90 70 50 30 20 100 60 100 60 20 40 100 70 90 10 20 70 90 60 40 70 40 60 40 50 80 80 20 50 50 50 70 10 60 70 10 10 60 10 80 80 30 60 70 100 100 40 50 100 90 90 80 40 90 80 100 100 40 100 50 60 40 80 10 60 100 60 10 100 60 100 50 90 20 70 60 50 30 50 30 90 30 100 10 80 20 50 90 90 10 20 50 40 40 70 30 60 10 80 20 70 60 60 20 60 30 50 40 50 70 90 90 60 80 30 60 10 50 20 80 100 90 80 60 20 30 10 60 60 30 10 20 20 60 30 40 20 70 80 20 10 40 20 40 50 50 100 50 70 40 40 10 40 50 80 40 50 40 40 30 90 100 70 90 100 20 30 40 40 80 80 60 90 70 20 100 50 20 40 10 
400
0 20 0 80 40 80 40 40 80 40 40 80 60 40 40 60 40 0 60 20 60 80 0 0 80 20 0 80 20 80 0 80 0 60 80 0 0 20 80 0 40 60 60 0 40 40 20 80 60 60 0 80 60 40 80 0 20 0 20 40 0 20 40 60 0 60 0 40 60 40 80 60 0 80 60 20 20 60 80 60 40 80 40 0 0 40 20 80 0 0 0 60 0 80 20 40 20 20 80 0 80 40 80 20 60 20 40 0 60 20 20 20 0 60 20 60 0 80 0 80 0 80 20 40 20 80 80 60 20 40 80 40 40 80 20 40 60 40 80 20 0 40 60 40 40 80 80 80 40 60 80 20 40 0 80 20 40 40 80 40 80 40 0 0 60 0 60 0 40 0 80 40 40 60 80 40 20 60 40 0 80 40 20 60 20 0 40 40 40 60 80 60 60 0 0 20 60 0 20 20 20 60 80 40 80 60 60 60 20 0 40 40 0 0 60 0 20 40 40 20 20 20 0 20 60 0 40 0 40 40 60 0 0 60 60 40 80 80 20 0 80 40 40 0 80 80 60 20 40 80 20 20 40 40 80 60 60 80 80 80 0 60 40 80 0 80 0 80 80 40 40 0 40 60 40 80 80 60 20 60 80 40 60 20 20 0 40 60 20 60 60 40 60 80 40 20 80 60 60 80 80 40 40 80 40 20 40 0 40 40 60 80 20 60 0 80 60 80 0 40 60 60 60 0 0 80 40 40 20 60 40 60 20 20 0 0 0 80 40 0 40 20 40 0 0 80 60 20 20 80 0 60 20 0 40 0 0 80 20 0 40 0 80 20 0 20 40 40 60 60 20 60 0 80 0 40 40 0 0 60 40 80 0 40 40 20 20 80 0 80 20 80 60 40 80 40 0 20 60 20 
3212
1 20 140
1 41 120
1 185 70
1 232 100
1 274 160
2 35 190
2 110 110
3 23 160
3 218 10
4 26 170
4 280 100
5 94 140
5 203 180
5 227 10
5 250 80
5 265 130
5 350 110
6 148 110
6 228 20
6 232 200
6 292 160
6 345 170
7 93 90
7 144 10
8 142 100
8 174 200
8 204 10
8 232 130
8 270 20
8 384 140
9 16 20
10 185 20
10 243 130
10 318 200
10 329 160
10 378 140
11 86 190
11 247 70
11 383 200
12 74 50
12 251 150
12 258 140
12 374 20
13 22 160
13 31 10
13 35 50
13 54 60
13 134 140
13 151 180
13 191 140
13 301 20
13 333 160
13 396 190
14 398 130
15 77 120
16 32 40
16 139 180
16 267 100
17 28 10
17 141 110
18 22 190
18 68 140
18 128 20
18 169 40
18 230 140
18 291 40
19 90 140
19 237 110
19 266 40
19 392 190
20 12 20
20 143 140
20 312 80
20 367 90
21 65 170
21 101 60
21 246 160
21 366 100
22 45 180
22 284 110
23 148 90
23 164 20
23 291 120
24 182 190
24 274 140
24 305 200
24 319 170
24 372 160
25 29 160
25 35 150
25 89 190
25 128 200
25 169 120
25 206 80
25 221 50
25 269 170
26 79 150
26 231 200
26 261 120
26 333 70
27 165 120
27 250 80
27 283 90
28 74 60
28 132 110
28 150 150
28 171 120
28 214 20
29 63 30
29 141 160
29 270 90
29 364 130
30 39 190
30 255 50
30 273 140
31 122 10
31 150 50
31 207 160
31 233 50
31 288 140
31 295 90
31 341 120
31 372 30
32 279 120
32 361 180
33 34 190
33 83 10
33 398 150
34 41 90
34 247 80
34 269 30
35 70 20
35 92 60
35 155 100
35 203 140
35 207 70
35 228 60
35 285 170
35 329 10
36 34 140
36 190 50
36 303 30
36 368 150
37 128 120
37 137 20
37 173 160
37 231 40
37 366 40
38 19 30
38 286 180
39 30 180
39 55 90
40 85 170
40 398 60
41 164 50
41 225 120
41 264 130
41 381 110
42 9 120
42 37 20
42 46 50
42 74 20
42 190 60
42 296 60
42 367 150
43 51 140
43 91 170
43 267 120
44 224 110
44 252 80
44 292 110
44 317 30
44 343 80
45 141 50
45 166 30
45 258 30
46 79 150
46 107 50
46 328 10
46 333 110
46 336 20
47 39 60
47 74 200
48 16 150
48 106 130
48 115 80
48 143 30
48 346 160
49 182 20
49 191 50
49 231 10
49 236 40
49 400 140
50 54 40
50 74 170
50 121 140
50 284 130
50 301 110
50 391 50
51 87 30
51 145 180
51 290 50
51 302 30
51 316 10
52 6 80
52 87 20
52 198 70
52 362 140
52 371 100
53 7 40
53 75 20
53 112 200
53 158 110
53 167 30
53 229 110
53 292 30
53 356 60
54 73 190
54 81 200
54 103 100
54 120 130
55 130 50
55 135 190
56 74 120
56 77 190
56 98 140
56 153 30
56 239 160
56 242 90
56 331 90
56 380 100
57 95 30
57 323 190
57 365 120
58 105 190
58 186 30
58 261 120
58 388 30
59 150 140
59 304 150
60 40 100
60 240 140
60 282 180
61 19 100
61 73 200
61 115 180
61 242 10
62 174 40
62 329 70
63 126 120
63 205 150
63 236 70
63 257 10
64 10 180
64 16 180
64 175 90
64 216 180
64 220 160
64 230 120
64 352 70
65 6 160
65 55 40
65 91 170
65 109 60
65 207 130
65 215 90
65 236 70
65 240 200
65 339 130
65 342 110
66 13 70
66 28 80
66 133 110
66 152 130
66 174 70
66 201 180
66 381 10
67 160 160
67 190 30
67 296 170
67 357 170
67 383 130
68 143 130
68 147 150
68 316 160
68 399 30
69 11 160
69 13 10
69 233 70
69 268 200
70 38 20
70 132 190
72 8 170
72 229 30
72 253 20
72 295 170
72 380 160
72 385 20
73 217 150
73 236 50
73 282 140
73 305 80
74 42 120
74 99 40
74 343 160
75 62 30
75 127 110
75 351 50
75 365 180
75 374 20
75 390 40
76 4 180
76 199 80
76 233 70
76 343 160
77 41 110
77 62 60
77 97 170
77 217 160
77 230 200
77 300 40
77 358 70
78 85 110
78 116 60
78 185 130
78 345 50
78 362 160
79 48 60
80 12 90
80 232 10
81 61 200
81 63 50
81 65 130
81 134 10
81 206 130
81 257 30
81 306 200
82 40 200
82 367 40
83 200 20
83 362 70
83 378 150
84 103 150
84 151 160
84 170 60
84 313 160
85 153 190
85 171 190
85 214 140
85 286 70
85 333 80
85 399 70
86 32 80
86 152 60
86 362 50
87 2 120
87 107 80
87 199 50
87 253 110
87 319 190
87 348 40
88 12 90
88 52 140
88 120 40
88 159 100
88 260 10
88 275 110
88 399 120
89 241 150
89 286 110
89 302 130
90 6 10
90 39 150
90 136 130
90 167 40
90 340 30
90 388 20
91 240 30
91 249 200
91 277 130
92 109 40
92 325 140
93 56 50
93 63 80
93 78 140
93 92 40
93 143 40
93 188 200
93 218 190
93 233 100
93 375 90
94 89 70
94 174 180
94 298 200
94 356 40
94 392 180
95 122 20
95 251 90
95 308 140
95 320 20
96 33 200
96 38 80
96 259 110
96 305 80
96 368 70
97 138 200
97 356 100
97 379 30
99 133 60
99 169 150
99 347 10
100 65 200
100 104 200
100 343 110
100 385 120
101 87 160
101 157 70
101 306 200
101 389 70
102 51 110
102 268 200
102 352 40
103 51 100
103 155 60
103 277 130
103 357 70
103 359 90
104 7 130
104 285 150
105 73 190
105 123 100
105 251 60
105 399 190
106 263 80
106 310 180
106 372 170
106 380 10
107 232 60
107 244 20
109 9 160
109 10 50
109 22 10
109 216 60
110 43 200
110 203 60
110 346 100
110 394 170
111 243 80
112 126 10
113 121 60
113 140 60
113 212 200
113 285 140
113 367 20
114 85 190
114 324 70
114 342 130
115 121 50
115 390 50
116 121 100
116 156 80
116 285 100
117 37 130
117 123 140
119 41 170
119 42 70
119 49 60
119 189 160
119 355 100
120 37 10
120 66 60
120 84 150
120 196 130
121 47 10
121 105 80
121 162 180
121 195 30
122 3 60
122 34 120
122 265 50
122 334 120
123 113 180
123 199 160
124 49 30
124 119 140
124 136 70
124 154 190
124 172 20
124 231 110
124 262 180
124 295 160
125 34 20
125 131 150
125 194 140
125 384 140
126 291 170
126 355 160
127 10 50
127 49 170
127 330 100
127 342 100
128 53 100
128 152 40
128 271 50
129 22 40
129 48 60
129 130 170
129 138 90
129 211 90
129 277 30
129 319 70
129 374 90
130 23 180
130 163 90
130 176 160
130 268 90
130 333 140
130 342 90
130 396 120
131 147 130
131 210 170
131 307 80
132 72 170
132 103 20
132 165 190
132 208 10
132 316 140
133 6 20
133 60 120
133 118 160
133 150 190
133 162 40
133 198 40
133 343 110
134 13 40
134 384 100
135 104 90
136 16 60
137 92 20
137 100 120
137 267 190
138 64 180
138 125 200
138 187 120
138 198 130
138 269 50
138 279 30
138 331 180
138 369 50
138 397 70
139 7 200
139 250 140
139 275 180
139 280 120
139 330 30
140 265 60
140 270 200
141 6 10
141 168 80
141 182 90
141 330 100
141 348 90
141 399 90
142 237 20
142 281 160
143 1 50
143 12 70
143 181 140
143 194 190
143 396 160
144 100 70
144 121 40
144 204 180
144 214 20
144 302 140
145 85 150
145 103 200
145 209 110
145 364 10
146 170 160
146 235 100
146 316 170
146 386 120
147 259 120
147 306 90
148 124 190
148 163 10
148 302 160
148 364 160
149 46 80
150 48 180
150 353 110
151 37 90
151 39 140
151 118 80
151 145 190
151 338 150
151 378 120
152 97 180
152 114 140
152 119 110
152 128 180
152 136 90
152 251 40
153 124 80
153 180 100
153 188 60
153 233 180
153 289 30
153 292 100
154 70 110
154 286 60
155 294 180
155 381 70
156 24 120
156 132 170
156 155 60
156 332 60
157 31 190
157 139 120
157 218 170
157 234 140
157 249 90
158 97 90
159 46 80
159 53 90
159 63 190
159 71 100
159 207 50
159 259 110
159 336 10
159 388 90
160 10 110
160 168 30
160 197 100
161 157 50
161 170 50
161 311 160
162 238 110
162 243 10
162 274 180
162 355 120
162 356 140
163 163 130
163 166 170
163 283 30
164 23 60
164 24 190
164 45 50
164 53 190
164 235 100
164 265 50
164 354 200
165 121 80
165 157 70
165 187 80
165 216 160
165 260 200
165 261 30
165 301 150
165 360 50
165 387 30
166 15 110
166 69 40
166 87 60
166 248 140
166 260 70
166 320 190
167 47 50
168 48 110
168 128 80
168 201 140
168 212 30
168 285 30
169 47 150
169 95 50
169 212 80
169 274 120
169 314 180
169 388 50
170 167 10
170 196 180
170 315 10
170 336 90
170 397 160
171 53 150
171 57 120
171 167 60
171 237 150
172 14 190
172 55 140
172 129 190
172 146 170
172 329 160
173 113 90
174 284 90
175 25 120
175 36 30
175 182 110
175 309 200
175 332 90
176 22 150
177 99 70
177 391 170
178 13 150
178 57 60
178 74 160
178 239 110
178 275 20
178 380 180
178 388 160
179 156 70
179 233 70
179 248 160
179 275 140
180 225 150
180 333 70
181 346 200
182 113 20
182 252 80
182 374 30
183 87 90
183 290 80
184 236 180
185 199 30
185 262 40
185 300 60
186 62 160
186 191 10
186 192 10
186 236 120
186 275 140
186 387 90
187 24 150
187 69 30
188 75 140
188 95 90
188 134 50
188 280 30
188 314 90
189 67 90
190 141 10
190 235 120
190 272 140
190 298 120
191 138 20
191 388 10
192 24 40
193 114 20
193 183 180
193 196 20
193 257 20
193 271 80
193 286 100
193 393 200
194 3 20
194 51 160
194 111 80
194 143 10
194 237 50
194 338 160
195 51 180
195 392 50
196 30 140
196 35 110
196 50 60
196 121 120
196 136 130
197 14 40
197 109 200
197 131 150
197 274 20
197 367 30
198 18 160
198 150 30
198 159 50
199 93 50
199 347 150
200 45 40
200 120 120
200 334 160
200 344 100
200 363 150
201 29 110
201 48 140
201 104 90
201 137 50
201 204 10
201 246 90
201 254 70
202 109 120
202 172 10
202 296 140
202 377 180
202 399 190
204 101 150
204 121 200
204 161 140
204 176 70
204 239 130
204 317 200
204 340 20
205 86 50
205 195 80
205 271 90
205 280 90
205 356 170
206 283 150
206 382 180
207 31 110
207 335 20
208 43 70
208 90 50
208 136 30
208 186 10
208 330 130
209 125 70
209 147 60
209 171 200
209 254 100
209 352 90
210 62 90
210 67 30
210 77 120
210 312 140
210 372 130
210 395 90
211 66 150
211 69 50
211 202 170
211 209 110
211 251 200
211 346 170
212 18 190
212 332 30
213 3 70
213 52 110
213 77 60
213 149 90
213 162 150
213 252 120
213 274 50
214 1 110
214 58 130
214 76 30
214 93 10
214 111 140
214 196 60
214 207 190
214 400 10
215 117 180
215 290 40
216 51 60
216 291 70
216 342 130
217 66 170
217 320 160
218 5 160
218 19 200
218 186 100
218 243 150
219 64 140
219 229 100
219 347 50
220 60 130
220 271 200
220 280 30
221 145 100
221 234 170
221 358 190
222 7 50
222 31 160
222 33 30
222 174 30
222 262 170
223 13 70
223 91 200
223 305 180
224 325 190
224 328 100
225 124 70
226 29 120
226 63 10
226 135 80
226 205 30
226 290 150
226 359 90
226 381 190
227 118 150
227 195 110
227 360 150
228 67 70
228 107 120
228 169 150
228 373 90
229 6 170
229 31 100
229 119 30
229 135 200
229 204 140
229 370 150
230 173 170
230 209 70
230 238 130
230 273 160
230 275 10
230 285 60
230 300 20
230 400 190
231 205 50
231 266 170
232 5 80
232 28 150
232 135 120
233 116 10
233 149 60
233 171 90
233 322 170
233 380 130
234 109 150
234 219 30
234 297 70
235 8 70
235 54 20
235 56 190
235 85 40
235 94 170
236 167 70
236 183 120
236 210 10
236 381 120
237 17 50
237 130 50
237 303 200
238 202 180
238 261 200
238 272 140
238 391 180
239 88 90
239 206 150
239 362 190
240 184 190
240 322 70
241 71 100
241 101 50
241 115 190
241 257 130
241 297 90
241 344 100
242 116 190
242 141 100
242 188 100
242 246 120
243 102 90
243 284 10
243 292 70
243 344 20
244 54 170
244 66 60
244 85 100
245 70 170
245 77 60
245 127 50
245 157 70
245 203 100
245 304 100
245 308 20
246 190 130
246 253 120
246 376 60
247 74 10
247 128 30
247 310 160
249 20 200
249 309 110
249 366 90
250 138 190
250 250 90
251 261 110
252 58 40
252 72 170
252 156 150
252 215 200
253 60 200
253 215 50
253 276 60
253 289 200
253 337 110
254 148 190
254 181 50
254 358 80
255 95 20
255 157 30
255 166 130
255 332 170
256 192 40
256 339 80
257 19 130
257 89 120
257 130 130
257 337 30
258 102 100
258 119 140
258 167 100
258 200 160
258 209 140
258 316 120
258 385 170
259 9 20
259 16 40
259 123 10
259 236 40
259 366 170
260 137 140
260 166 170
260 173 110
260 318 170
260 346 160
261 8 60
261 55 50
261 135 150
261 184 100
261 216 160
261 243 70
262 49 120
262 94 50
262 195 100
262 204 100
262 220 20
262 246 200
262 333 60
262 369 90
262 379 40
263 14 150
263 77 90
263 137 160
263 241 180
263 287 190
263 298 20
264 21 170
264 59 150
264 145 50
264 193 10
264 287 160
264 293 80
265 43 60
265 103 190
265 205 180
265 272 120
265 279 30
265 315 120
265 341 140
266 78 50
266 81 60
266 105 40
266 220 100
266 282 10
267 170 60
268 45 80
268 53 140
268 91 100
268 201 10
269 1 100
269 24 120
269 85 140
270 44 40
270 228 100
270 279 100
270 352 60
271 275 180
271 308 100
271 337 50
271 360 110
272 80 170
272 175 10
272 212 200
272 286 130
272 351 20
273 268 160
274 106 50
274 113 170
274 151 20
274 230 90
275 61 200
275 164 200
275 293 180
275 344 80
276 87 200
276 262 140
277 206 190
277 372 50
278 48 30
279 85 130
279 348 160
280 52 20
280 199 100
280 235 20
280 253 130
280 260 120
280 325 100
280 361 50
281 4 120
281 220 110
281 276 50
281 290 200
282 221 80
282 361 200
282 393 10
283 75 170
283 126 70
283 181 160
283 236 170
284 119 150
284 175 30
284 218 70
284 253 10
285 41 170
285 115 200
285 306 80
285 363 40
286 223 140
287 133 20
287 394 140
288 37 20
288 48 30
288 103 80
288 184 180
288 268 50
288 380 60
289 84 40
289 234 110
289 259 110
289 311 120
290 39 60
291 111 100
291 136 140
291 197 90
291 309 110
292 80 30
292 278 140
292 363 10
293 81 190
293 189 150
293 265 100
294 4 70
294 166 90
294 254 190
294 263 60
295 105 110
295 156 150
295 227 30
295 357 50
296 151 120
296 388 20
297 118 70
297 197 90
297 215 50
297 287 150
297 291 190
298 167 10
298 245 130
298 246 130
298 290 170
299 361 110
300 112 90
300 120 200
300 272 70
300 343 40
301 52 20
302 204 70
302 206 140
302 268 120
303 167 50
303 191 10
303 248 20
303 370 30
304 26 60
304 34 60
304 62 100
304 174 160
304 205 200
304 257 10
304 373 200
305 144 50
305 238 180
305 379 180
305 389 130
306 25 40
306 92 150
306 117 40
306 242 30
306 251 170
306 252 40
306 257 30
306 284 60
307 221 20
307 347 90
308 185 50
308 261 200
308 263 80
308 372 20
309 47 160
309 98 30
309 125 140
309 241 90
309 383 100
309 387 180
310 16 180
310 366 30
311 5 110
311 97 60
311 208 90
311 235 130
311 236 80
311 370 110
312 57 180
312 222 70
312 242 150
313 52 50
313 224 10
313 231 40
314 75 130
314 90 150
314 112 60
314 171 10
314 172 160
314 176 200
314 198 150
314 326 30
315 20 110
315 58 120
315 60 10
315 239 40
315 257 90
315 262 200
315 376 110
316 221 40
316 267 180
316 384 160
317 70 90
317 74 50
317 101 110
317 214 90
318 132 130
318 247 130
318 314 70
318 319 140
318 400 180
319 241 90
319 251 170
319 289 200
320 104 60
320 232 150
320 355 170
321 125 160
321 144 140
321 218 160
322 15 20
322 47 100
322 286 190
323 83 150
323 165 120
323 197 90
323 262 160
324 110 120
324 176 140
324 215 180
324 344 100
325 79 30
325 120 30
325 178 10
325 200 40
325 352 200
326 9 200
326 56 150
326 105 150
326 139 180
326 197 50
326 313 60
326 314 150
327 52 150
327 69 50
327 74 100
327 187 30
327 299 200
327 304 60
327 331 170
328 117 70
328 208 20
328 274 160
328 291 180
329 134 170
329 247 130
329 300 40
330 13 180
330 78 60
330 280 190
330 326 190
330 347 160
332 95 100
332 132 80
332 161 200
332 315 100
333 12 40
333 117 160
333 196 90
333 200 40
333 256 20
334 133 80
334 155 90
334 227 150
334 273 130
335 47 160
335 170 90
335 180 170
335 269 10
335 270 130
336 27 10
336 330 200
337 40 120
337 41 120
337 186 160
338 383 130
339 1 10
339 100 130
339 145 60
340 53 180
340 65 60
340 362 10
341 19 40
341 373 160
342 113 100
342 172 180
343 5 60
343 39 100
343 278 150
343 357 160
343 361 130
344 2 10
344 28 30
344 159 10
345 54 130
345 227 80
345 319 150
345 337 30
346 56 150
346 63 190
346 309 10
346 384 50
347 48 80
347 197 90
347 258 60
347 285 30
347 300 90
347 344 140
348 22 190
348 38 90
348 113 120
348 151 20
348 167 130
348 193 40
348 336 200
348 353 160
349 17 150
349 131 20
349 139 80
349 188 80
349 191 150
349 249 150
349 306 30
349 347 10
350 81 130
350 127 20
350 161 50
350 320 80
350 382 70
351 295 50
351 325 130
351 384 90
352 111 190
352 136 30
352 138 80
352 171 10
352 337 160
352 357 100
353 33 60
353 305 150
353 348 80
354 81 20
354 157 30
354 180 180
354 249 120
354 307 30
355 31 110
355 54 120
355 77 160
355 316 120
355 387 20
356 47 10
356 107 50
356 185 160
356 204 190
357 104 70
357 128 190
357 139 190
358 352 190
358 384 110
359 114 40
359 267 130
359 333 60
359 344 80
360 133 50
360 226 190
360 319 50
361 54 90
361 62 120
361 101 90
361 213 140
362 25 160
362 32 100
362 71 200
362 209 150
362 325 120
362 329 130
363 130 60
363 374 150
364 1 160
364 124 30
364 139 80
364 166 200
364 244 40
364 376 110
365 257 110
365 314 180
366 6 150
366 153 130
367 196 90
367 309 50
367 357 40
368 140 40
368 166 150
368 187 70
369 93 160
370 23 90
370 129 100
370 302 30
370 316 180
371 19 50
371 32 180
371 50 180
372 119 80
372 162 160
372 300 20
373 22 190
373 57 100
373 271 150
374 35 170
374 243 140
374 245 120
374 310 90
374 380 10
375 90 70
375 111 20
375 250 170
376 29 80
376 90 90
376 184 150
376 206 180
376 304 100
376 395 110
377 61 120
377 78 60
377 95 90
377 172 20
377 220 120
377 252 70
377 310 200
378 123 180
378 285 120
378 302 180
378 355 190
378 370 70
378 371 90
379 190 60
379 228 200
379 271 200
379 315 180
379 390 170
380 131 160
380 271 130
380 340 10
380 383 90
380 394 20
381 80 170
382 203 120
382 279 30
382 285 70
382 371 170
383 120 80
383 144 80
383 163 80
383 170 20
384 19 170
384 107 80
384 259 180
385 40 150
385 124 130
385 263 80
385 335 20
385 342 170
386 5 30
386 130 160
386 148 180
386 168 80
386 218 110
386 302 90
386 390 80
387 311 90
387 344 50
388 49 100
388 262 20
388 289 40
388 337 40
388 375 10
389 14 140
389 230 70
390 1 90
390 32 120
390 106 190
390 133 60
390 275 100
390 292 40
391 50 170
391 86 130
391 116 20
391 261 30
391 358 20
392 75 60
392 209 10
392 214 180
392 262 30
393 9 190
393 12 30
393 78 170
393 123 60
393 278 140
393 333 160
394 141 190
394 209 110
394 227 40
395 34 80
395 147 130
395 211 30
395 326 100
396 123 200
396 271 100
396 373 190
397 104 190
397 141 150
397 171 150
397 198 70
397 215 50
397 234 20
397 241 180
397 255 170
397 309 50
398 346 80
398 391 70
399 20 40
399 40 200
399 259 30
399 323 80
399 343 80
400 150 70
400 168 160
400 307 150
401 373 40
402 85 10
402 94 40
402 149 190
402 246 90
402 299 10
402 320 180
403 10 60
403 29 150
403 108 160
403 143 140
403 205 160
403 281 90
404 194 100
404 252 60
404 286 180
405 101 10
405 211 200
405 212 50
405 267 30
405 280 170
405 289 30
405 291 70
406 108 70
406 270 140
406 274 30
406 322 120
407 93 180
407 288 100
408 4 140
408 54 100
408 72 100
408 101 200
408 228 110
408 288 180
408 330 10
409 106 160
409 210 130
409 223 90
410 121 40
410 194 150
410 197 180
410 363 20
412 73 140
412 131 90
412 383 180
412 390 190
413 170 50
413 201 160
413 291 130
414 3 100
414 22 140
414 41 50
414 109 120
414 152 120
414 276 150
414 356 180
414 363 50
414 377 140
415 1 50
415 134 150
415 168 30
415 192 190
415 224 20
416 181 60
416 305 30
417 139 50
417 153 120
417 347 130
417 367 130
418 34 140
418 75 70
418 169 80
418 370 140
419 10 160
419 157 140
419 216 180
419 258 200
420 299 150
421 156 70
421 204 120
421 280 170
421 340 120
422 79 140
422 87 120
424 135 110
424 247 30
424 318 90
424 331 100
425 175 180
425 224 100
425 269 90
425 280 20
425 381 10
426 30 150
426 92 40
426 156 200
426 170 70
426 200 170
426 311 80
426 322 130
426 336 80
426 341 140
426 381 150
427 138 80
427 263 30
427 322 90
427 390 40
428 18 110
428 189 70
428 205 110
428 210 150
428 292 10
428 374 130
429 83 60
429 301 70
429 312 50
430 82 160
430 260 200
431 62 40
431 105 140
431 263 50
432 23 80
432 105 100
432 137 90
432 157 70
432 212 120
432 249 190
433 76 130
433 84 60
433 279 120
434 21 200
434 31 100
434 48 90
434 98 200
434 154 170
434 192 90
434 206 70
434 266 190
434 330 110
434 347 180
434 348 180
435 119 170
435 176 110
435 378 40
436 23 10
436 31 50
436 75 50
437 82 90
437 368 180
438 33 10
438 150 200
438 277 60
438 280 100
438 370 140
439 129 80
439 303 110
440 55 10
440 303 110
440 331 90
440 344 170
440 375 60
441 112 170
441 190 30
441 277 90
441 307 50
441 383 100
442 130 80
442 393 80
443 46 180
443 78 40
443 110 140
443 151 180
443 162 60
443 166 10
443 243 140
443 295 150
444 178 10
444 247 40
445 33 10
445 35 20
445 40 140
445 73 140
445 83 70
445 175 30
445 351 20
445 365 70
445 376 10
445 380 200
445 397 50
446 90 130
446 123 90
446 264 120
446 338 40
447 60 120
448 166 110
448 310 50
448 392 180
448 395 70
449 76 90
449 210 40
449 269 20
449 344 110
450 1 160
450 27 80
450 85 100
450 86 50
450 109 200
450 158 130
450 196 90
450 350 90
451 119 120
451 162 30
451 200 90
451 262 100
451 357 10
452 80 140
453 182 40
453 308 170
453 342 150
454 144 50
454 272 130
454 303 60
455 36 90
455 112 50
455 119 70
455 214 160
455 310 10
456 22 140
456 133 90
456 144 190
456 215 70
457 23 130
457 69 80
457 266 10
457 290 40
458 117 110
458 144 70
458 178 130
458 324 140
458 335 110
458 387 30
459 134 110
459 156 180
459 227 140
459 242 90
459 265 180
459 314 140
459 372 50
459 399 90
460 16 80
460 52 70
460 150 200
460 194 30
460 210 100
461 7 140
461 27 180
461 65 90
461 266 190
461 300 100
461 388 50
462 228 110
462 234 190
462 252 20
462 308 70
462 365 140
463 9 190
463 33 90
463 54 30
463 94 100
463 226 130
463 248 180
463 318 70
464 44 10
464 88 10
464 223 10
464 274 10
464 351 20
464 379 40
465 46 80
465 263 170
466 199 50
466 269 160
468 90 80
468 184 40
468 346 90
468 378 90
469 143 50
469 246 40
469 375 20
469 393 70
470 66 100
470 211 140
470 255 130
471 15 100
471 35 50
471 353 90
471 367 40
472 62 40
472 224 170
472 276 50
473 44 60
473 215 100
473 265 80
474 35 130
474 99 90
474 245 90
475 62 90
475 202 100
476 63 100
476 102 200
476 269 10
476 388 10
477 49 190
477 257 10
477 386 20
478 262 180
479 9 40
479 45 120
480 42 30
480 69 100
480 191 60
481 25 30
481 199 190
481 264 130
481 331 200
482 36 200
482 190 90
482 308 80
483 163 140
483 260 110
483 296 40
484 58 90
484 216 200
484 303 150
485 6 180
485 22 180
485 26 120
485 69 110
485 106 20
485 119 140
485 229 50
485 239 190
485 327 40
485 337 150
486 53 180
486 80 200
486 241 90
486 269 50
486 338 130
487 23 50
487 80 130
487 154 60
487 173 120
487 202 180
488 303 90
489 108 110
489 211 150
490 129 140
490 132 170
490 152 30
490 242 120
490 398 110
491 204 80
491 299 30
491 317 60
492 252 140
493 39 200
493 64 60
493 74 30
493 98 180
493 106 200
493 186 40
493 196 70
493 334 20
494 26 80
495 13 100
495 22 200
495 25 50
495 90 80
495 108 110
495 161 70
495 246 90
496 39 90
496 104 110
496 341 60
496 355 30
496 365 20
497 35 170
497 55 160
497 83 80
497 142 30
497 157 90
497 160 190
497 341 170
497 374 80
498 2 160
498 53 110
498 113 90
498 219 100
499 46 190
499 253 70
499 254 90
499 270 40
500 128 10
500 192 80
500 202 170
500 252 160
500 264 160
500 290 200
501 18 130
501 400 90
502 83 200
502 85 190
502 145 10
502 149 40
503 69 180
503 92 50
503 150 140
503 185 40
503 296 200
504 155 50
504 271 100
504 327 120
504 331 50
505 58 80
505 101 40
505 133 200
505 250 80
505 290 70
505 356 170
506 132 100
506 189 200
506 386 30
507 10 80
507 153 30
507 203 20
508 14 190
508 330 180
508 346 110
509 38 100
509 55 10
509 190 130
509 321 120
510 130 170
510 361 160
511 116 100
511 394 60
511 396 100
512 76 100
512 95 80
513 133 200
513 148 170
513 296 140
513 392 10
514 73 160
514 219 100
515 104 200
515 255 130
515 333 110
515 398 50
516 263 140
516 281 150
516 285 20
516 309 160
516 340 140
516 344 90
516 383 160
517 79 70
517 176 150
517 229 70
517 246 50
517 296 50
517 367 110
518 41 180
518 361 120
519 144 40
519 162 20
519 284 200
519 310 120
519 357 110
520 126 70
520 216 150
521 49 20
521 78 170
521 358 100
522 24 200
522 47 140
522 308 80
522 318 120
522 364 90
523 116 20
523 121 200
523 140 10
523 179 170
523 317 170
524 13 10
524 28 90
524 127 10
524 341 30
524 371 50
525 55 50
525 117 120
525 167 90
526 73 200
526 189 50
526 243 80
526 246 120
526 259 160
526 293 100
526 311 30
527 99 170
527 124 170
527 209 10
527 251 30
527 336 180
528 167 30
528 197 40
528 307 160
528 363 140
528 366 50
529 120 100
529 121 40
529 207 30
529 245 70
530 100 70
530 144 170
530 210 140
530 361 30
531 19 100
531 66 10
531 95 120
531 117 40
531 242 110
531 346 90
532 315 20
532 339 130
533 64 70
533 242 60
533 293 20
533 316 130
534 215 10
534 239 70
534 367 130
534 385 60
535 25 190
535 145 30
535 195 170
535 298 40
535 349 80
536 7 90
536 145 130
536 180 60
536 201 160
536 227 30
537 88 80
537 316 20
538 21 80
538 118 170
538 228 60
539 157 50
539 161 10
539 164 180
539 292 140
539 383 80
540 27 120
540 192 180
540 307 130
541 170 140
541 187 40
541 227 200
541 400 120
543 7 20
543 60 20
543 192 160
543 249 120
543 359 30
543 393 70
544 5 110
544 32 180
544 70 150
544 86 150
544 115 160
544 139 30
544 166 140
544 176 10
544 334 70
545 74 200
545 96 90
545 126 130
545 335 180
546 36 10
546 88 20
546 169 170
546 274 60
546 339 150
546 386 20
547 73 40
547 205 140
547 246 200
547 329 20
547 378 10
548 273 70
548 334 130
548 342 80
548 349 180
549 8 160
549 123 200
549 330 130
549 385 60
550 87 90
550 102 130
550 133 80
550 172 80
550 220 20
550 224 110
550 278 80
551 188 90
551 363 150
552 24 120
552 77 160
552 110 10
552 122 80
552 161 80
552 245 190
552 329 100
553 5 200
553 305 50
553 323 40
554 69 70
554 155 110
554 160 110
554 162 70
554 199 110
554 285 160
555 229 70
555 266 80
555 272 150
555 314 190
555 316 170
555 339 70
555 377 90
556 135 200
556 158 60
556 219 80
556 242 70
557 47 70
557 134 130
557 136 80
557 142 160
557 162 180
557 214 120
557 254 120
557 298 50
557 362 120
557 383 100
558 22 20
558 214 150
558 237 200
558 310 40
558 368 80
559 37 80
559 89 130
559 117 10
559 220 140
559 308 150
559 311 80
560 102 20
560 123 60
560 146 190
560 215 110
561 80 10
561 119 10
561 193 140
561 372 170
562 16 80
562 21 100
562 349 180
563 92 170
563 200 40
563 311 60
563 350 40
563 373 130
563 384 120
563 400 120
564 34 150
564 183 180
564 340 130
565 46 80
565 68 200
565 79 10
565 81 60
565 174 170
565 359 180
566 81 140
566 110 110
566 169 170
566 179 50
566 194 10
566 208 110
566 210 180
567 22 200
567 191 40
567 380 70
567 389 180
568 129 90
568 132 110
568 285 170
569 147 140
569 150 60
569 171 120
569 198 60
569 228 60
569 261 110
569 276 60
569 363 50
570 144 50
570 146 90
570 242 100
570 247 80
570 335 70
571 20 150
571 134 140
571 135 180
571 235 80
571 297 140
571 351 90
572 235 170
572 347 50
573 214 40
573 265 70
573 281 200
573 290 10
573 368 180
573 378 70
574 304 160
574 311 120
575 232 80
576 12 60
576 135 80
576 138 140
576 186 10
576 283 160
577 62 170
577 205 140
577 310 190
577 335 130
577 381 150
577 387 180
578 17 160
578 78 190
578 170 140
578 299 10
578 300 90
578 305 80
578 340 110
578 381 140
579 72 90
579 278 180
579 302 20
579 390 140
580 65 140
580 151 200
580 239 150
581 96 30
581 139 40
581 165 180
581 172 10
582 29 150
582 121 50
582 165 170
582 177 70
582 178 200
582 189 60
582 242 110
583 107 110
583 158 100
583 175 40
583 247 90
583 380 100
584 25 10
584 40 60
584 376 200
584 388 60
585 127 180
586 81 70
586 191 170
586 349 130
586 377 30
587 191 50
588 108 130
588 127 140
588 143 30
588 151 90
588 175 120
588 274 50
589 96 180
589 118 110
589 193 200
589 236 10
589 321 10
590 284 80
591 2 10
591 30 110
591 73 20
591 142 170
591 183 100
591 239 160
591 294 100
591 307 110
591 390 30
592 29 120
592 207 150
592 323 110
592 368 80
593 19 30
593 42 60
593 172 160
593 176 70
593 246 80
594 93 160
594 264 20
595 345 150
595 354 150
596 65 200
596 176 180
596 211 170
596 365 200
597 38 170
597 101 160
597 321 170
598 55 10
598 97 110
598 184 200
598 323 200
599 18 100
599 49 50
599 232 80
599 263 130
599 296 130
600 18 200
600 99 130
600 347 200
600 353 60
600 395 100
601 22 100
601 74 170
601 103 70
601 230 80
601 317 80
602 56 70
602 103 100
602 225 190
602 382 90
603 93 50
603 97 70
603 180 170
603 220 30
603 369 160
604 109 10
604 141 120
604 160 180
605 48 190
605 254 60
605 395 160
606 198 10
606 296 10
606 308 100
606 309 50
606 382 40
606 395 170
607 222 60
608 129 130
608 186 190
608 382 120
609 4 40
609 19 10
609 42 30
609 216 200
609 343 160
609 397 190
610 101 180
610 196 200
610 334 50
611 162 20
611 273 60
611 299 80
611 300 40
611 348 180
612 17 80
612 56 90
612 84 110
612 188 30
612 286 190
612 355 140
613 66 30
613 134 30
613 302 20
613 328 50
614 24 40
614 84 10
614 295 40
614 361 70
615 144 20
615 390 50
616 52 80
616 106 190
616 189 110
616 225 60
616 288 20
617 1 50
617 39 180
617 75 140
617 88 100
617 96 70
617 122 80
617 139 90
617 355 180
618 50 150
618 128 40
618 200 120
618 296 200
618 361 190
618 366 50
619 151 120
619 154 20
619 207 170
619 349 10
619 370 120
620 348 130
620 353 70
621 156 140
621 330 10
621 332 100
621 381 90
622 79 70
622 354 100
623 96 70
623 387 50
624 355 80
624 365 20
624 380 150
625 103 40
625 108 190
625 203 150
625 338 150
625 376 110
626 74 160
626 317 160
626 395 180
627 62 110
627 128 180
627 204 160
628 69 120
628 99 130
628 137 50
628 190 20
628 255 10
629 104 70
629 125 140
629 131 50
629 252 180
629 315 170
630 45 150
630 171 160
630 265 150
631 46 180
631 193 180
631 226 160
632 179 80
632 250 70
633 147 80
633 239 120
633 243 200
634 20 50
634 317 200
634 347 160
635 37 140
635 128 160
635 255 110
635 317 10
636 34 70
636 189 180
636 253 120
636 293 180
637 101 20
637 152 150
637 201 160
637 232 70
637 293 160
638 140 110
638 144 80
638 262 20
638 388 80
639 70 140
639 337 20
639 368 150
640 5 40
640 27 160
640 311 100
641 75 70
641 160 10
641 237 110
641 251 200
641 345 200
641 357 120
641 372 10
642 59 150
642 133 80
642 214 160
642 227 50
642 233 200
642 234 40
642 239 130
642 266 150
642 290 140
642 291 130
642 323 60
643 166 190
643 237 90
644 171 170
644 181 90
644 359 30
644 361 120
645 11 150
645 324 190
645 385 130
646 36 60
646 117 150
646 181 170
646 264 190
646 293 170
646 297 30
647 80 150
647 97 130
648 124 60
648 182 70
648 224 100
648 345 200
648 361 200
649 2 100
649 21 110
649 80 150
649 236 160
649 244 170
649 270 130
649 279 10
650 2 20
650 36 110
650 102 170
650 252 120
651 67 110
651 93 130
651 94 160
651 152 180
651 243 190
651 265 50
651 279 170
651 364 130
652 13 20
652 142 150
652 251 120
652 253 190
652 290 170
652 321 80
652 335 40
653 301 170
653 339 180
654 1 180
654 98 140
654 347 160
655 141 60
655 205 110
655 239 150
656 86 140
656 90 80
656 138 30
656 195 160
656 197 90
656 201 40
656 215 30
656 226 80
656 330 10
657 96 70
657 159 60
657 259 10
657 306 170
658 37 60
658 55 200
658 112 190
658 119 30
658 276 60
659 18 80
659 19 140
659 69 100
659 136 40
659 305 50
660 9 190
660 102 20
660 226 140
660 233 50
661 232 40
662 161 80
662 362 130
663 28 110
663 95 150
663 372 170
663 388 30
664 74 130
665 22 70
665 106 190
665 180 170
665 210 120
665 261 190
666 25 80
666 105 120
666 116 190
666 293 20
666 361 120
667 49 170
667 62 150
667 162 20
667 311 60
667 348 200
668 68 80
668 293 70
668 315 170
669 229 100
669 386 50
669 400 150
670 64 20
670 72 30
670 89 20
670 167 160
670 227 80
670 284 160
670 355 20
670 369 70
671 65 110
671 77 140
671 258 160
671 274 130
672 3 190
672 104 190
672 244 90
673 111 130
673 348 40
674 38 190
674 124 170
675 364 180
677 250 80
677 284 10
678 142 40
678 156 50
678 287 70
678 296 100
678 345 90
679 64 140
679 301 90
679 347 120
679 390 120
680 73 170
680 191 130
681 108 20
681 109 160
681 193 170
681 385 160
682 56 140
682 181 40
682 310 160
682 314 20
683 26 130
683 115 20
683 147 110
683 159 130
683 331 30
684 67 30
684 109 200
684 248 90
684 256 10
684 316 40
684 352 190
684 400 150
685 149 180
685 156 80
685 384 70
686 186 140
686 204 160
686 286 180
686 351 60
686 399 190
687 78 140
687 161 200
687 240 30
688 33 150
688 169 150
688 252 20
688 273 110
688 384 140
688 395 200
689 5 130
689 198 140
690 70 110
690 83 170
690 207 20
690 289 140
691 67 200
691 319 40
692 19 130
692 23 40
692 133 20
692 175 200
692 239 60
692 370 20
693 17 130
693 94 80
693 184 150
693 228 80
693 297 60
694 95 180
694 136 160
694 192 150
694 315 10
694 345 120
694 381 30
694 395 190
695 159 140
696 3 60
696 61 130
696 74 60
696 237 40
696 338 50
697 105 50
697 116 80
697 182 170
697 189 140
697 265 120
697 317 200
697 339 80
697 369 190
697 374 60
697 396 70
698 75 120
698 278 90
698 392 170
699 54 160
699 62 110
699 122 120
699 357 130
700 37 30
700 121 130
700 126 120
700 181 110
700 337 170
701 163 30
701 195 150
701 232 150
701 233 80
702 4 60
703 74 200
703 396 120
704 42 190
704 223 10
704 269 110
704 284 150
704 360 60
705 3 110
705 61 50
705 191 90
705 278 130
705 288 40
705 314 190
705 331 160
706 15 10
706 29 20
706 175 190
706 219 120
706 233 90
706 343 70
706 382 70
707 75 120
707 159 110
707 197 60
707 293 120
707 327 130
708 13 50
708 34 10
708 134 80
708 167 70
708 213 10
708 255 170
709 126 130
709 185 80
709 349 130
709 366 200
710 12 170
710 101 20
710 143 150
710 221 200
710 302 80
711 188 130
711 205 50
711 292 110
711 317 160
712 57 150
712 68 160
713 191 170
714 8 80
714 32 100
714 74 180
714 101 80
714 376 50
715 236 180
715 350 150
715 362 30
716 52 70
716 71 40
716 94 190
716 137 100
716 195 60
716 289 140
716 293 80
716 294 160
717 42 200
717 163 130
717 282 20
717 296 120
717 382 70
719 47 70
719 216 150
719 225 100
720 87 140
720 253 100
720 300 10
721 232 70
721 351 110
722 135 80
723 10 190
723 93 80
723 101 60
723 333 90
723 346 140
724 67 20
724 111 170
724 277 90
724 363 40
725 26 70
725 192 30
725 201 170
726 177 180
726 278 130
726 335 110
726 337 10
726 360 120
726 388 190
727 60 150
727 87 130
727 206 130
729 19 160
729 264 80
729 394 110
730 8 10
730 21 170
730 132 100
731 10 130
731 14 180
731 100 120
731 193 10
731 196 130
731 221 140
731 227 180
732 149 130
732 282 140
732 314 30
732 343 80
733 23 70
733 98 40
733 258 190
733 280 130
733 309 40
734 267 40
735 70 50
735 279 120
735 339 160
735 387 100
736 31 80
736 108 200
736 138 180
736 181 60
736 328 200
737 175 40
737 214 10
737 279 30
738 67 140
738 206 200
738 350 10
739 6 70
739 54 140
739 227 140
740 136 60
740 158 40
740 232 130
741 101 50
741 139 120
741 220 100
741 240 130
741 318 160
741 319 190
742 74 70
742 201 10
742 278 120
742 375 160
743 57 170
743 119 120
743 198 90
743 322 180
744 116 140
744 200 10
744 282 20
744 315 120
744 326 110
745 4 180
745 109 160
745 162 80
745 330 120
745 358 40
746 139 20
746 152 180
746 176 20
746 224 150
746 228 130
746 293 10
747 86 10
747 322 160
747 356 110
748 249 200
748 290 170
748 356 10
748 364 90
749 5 200
749 92 180
749 117 120
749 120 120
749 379 20
750 51 90
750 70 100
750 181 80
750 197 180
750 302 80
750 335 120
750 387 170
751 141 10
751 327 170
751 358 10
752 51 140
752 69 120
752 70 90
752 106 70
752 123 50
752 203 50
752 239 50
752 372 30
753 46 60
753 76 60
753 139 200
753 211 140
753 345 180
753 366 120
754 126 110
754 310 40
755 49 20
755 173 30
755 208 150
755 212 170
756 183 80
756 381 140
757 252 140
757 299 200
757 386 80
757 392 40
758 21 200
758 48 190
758 236 20
758 268 110
758 318 180
758 329 30
759 181 170
760 166 60
760 233 200
760 280 20
760 289 170
760 395 40
761 15 40
761 347 150
761 392 120
762 334 80
762 391 40
763 34 100
763 74 90
763 227 40
763 385 120
764 11 190
764 61 40
764 66 180
764 114 140
765 73 100
766 52 110
766 98 100
766 280 110
766 284 130
766 373 170
767 19 100
767 77 40
767 165 170
768 171 110
768 182 50
768 215 180
769 5 90
769 22 170
769 64 200
769 68 150
769 114 10
769 139 10
769 219 90
769 353 90
770 35 40
770 143 60
770 167 150
770 195 60
770 296 120
770 315 180
771 75 180
771 157 120
772 40 140
772 66 50
772 164 30
772 356 130
772 359 70
773 1 20
773 135 130
773 283 110
773 337 180
774 202 100
774 250 200
774 354 30
775 305 110
775 366 30
776 125 40
776 184 70
776 333 20
776 372 180
776 382 120
776 395 110
777 258 200
777 382 180
778 148 190
779 144 170
779 158 160
779 312 140
780 128 160
780 135 190
780 390 10
781 13 80
781 36 110
781 75 150
781 298 130
781 326 30
781 386 140
782 47 200
782 81 30
782 158 130
782 207 200
782 214 130
782 249 110
783 68 20
784 180 110
784 345 100
784 390 150
785 47 20
785 235 40
786 8 10
786 138 150
786 232 160
786 388 30
787 195 150
787 226 80
787 245 160
787 353 50
788 184 50
788 192 30
788 216 40
788 363 120
789 53 190
789 118 170
789 190 150
789 210 50
789 248 160
790 22 50
790 108 20
790 195 110
790 200 110
790 393 70
791 40 160
791 136 140
791 241 120
792 45 10
792 153 200
792 187 140
792 232 200
792 373 130
793 152 170
793 357 170
794 78 50
794 177 40
794 288 200
794 313 100
794 319 70
795 83 130
795 84 10
795 228 80
796 17 110
796 60 140
796 342 180
797 27 60
797 235 100
797 261 10
797 300 40
797 320 30
798 233 160
798 298 200
799 27 150
799 150 100
799 247 110
799 292 140
799 297 40
800 184 130
