900 750
527 174
852 817
717 789
46 721
259 51
103 577
72 249
38 383
869 814
701 163
194 811
733 400
445 520
801 181
180 435
811 459
719 366
560 786
406 95
247 203
895 476
255 436
571 40
856 818
765 101
403 302
836 718
492 767
319 131
665 539
719 325
600 496
286 161
630 897
359 8
70 533
209 552
244 279
880 616
435 182
137 290
642 307
306 431
378 230
203 266
584 349
757 121
230 395
184 422
197 30
224 572
501 283
571 253
80 326
228 9
210 193
368 185
804 235
409 768
611 592
38 631
432 252
343 491
343 21
262 593
287 443
730 267
626 315
751 830
764 206
558 87
662 73
139 74
851 574
203 60
578 346
259 120
699 295
279 299
385 301
363 702
374 361
44 305
870 720
412 151
480 755
191 215
267 15
457 257
359 304
319 682
473 71
787 847
534 835
550 132
720 1
860 258
491 555
457 72
267 647
200 212
122 891
725 82
718 526
203 162
259 784
22 676
879 402
32 900
197 299
9 318
852 619
646 207
245 487
139 886
7 380
452 562
95 644
95 735
774 225
572 865
195 881
492 658
296 586
647 561
362 656
192 300
499 294
551 93
332 146
291 850
640 805
543 497
198 39
539 529
626 562
827 53
255 517
649 472
899 3
526 317
452 632
511 248
693 339
589 510
328 653
306 621
354 439
606 243
496 366
21 607
309 18
63 125
496 11
867 627
411 743
99 585
197 647
635 433
483 759
637 490
527 310
304 691
22 28
11 861
700 822
562 620
431 515
533 715
116 426
562 83
153 575
605 423
699 90
359 128
16 708
436 660
891 671
461 625
307 537
144 275
866 800
137 490
605 279
131 77
297 479
778 169
499 755
611 531
822 834
161 816
132 624
897 667
844 434
857 111
774 438
79 756
659 623
768 618
666 220
19 794
463 123
797 731
751 227
296 387
778 349
507 583
768 625
560 597
408 41
227 739
333 704
577 581
126 482
276 236
200 650
503 892
865 862
589 258
73 84
363 370
854 536
205 303
751 313
637 754
873 883
693 12
278 465
167 251
767 887
68 211
550 294
860 392
632 831
374 413
616 31
775 396
733 714
185 889
541 771
46 326
891 654
141 56
717 251
205 1
465 446
457 573
189 425
431 675
605 265
620 843
501 95
446 724
527 481
90 64
759 230
561 545
720 567
380 540
836 288
215 128
580 232
119 475
203 615
856 685
40 462
137 175
785 69
616 745
219 877
571 176
383 208
854 3
278 542
385 23
493 842
665 707
748 20
374 60
9 515
647 188
599 521
461 439
447 34
215 553
873 71
509 98
192 800
243 641
220 508
574 318
128 575
607 394
19 713
537 761
501 677
372 486
858 840
431 292
259 127
486 494
298 229
258 160
886 55
306 862
451 825
20 841
315 521
132 232
363 872
818 821
754 213
491 887
638 781
198 666
129 455
642 66
613 853
216 143
538 94
699 524
553 545
624 710
172 519
693 457
654 199
223 770
369 655
251 466
838 274
119 188
552 15
502 726
314 42
700 430
68 768
867 588
780 268
161 491
814 53
446 135
104 766
897 365
880 511
205 789
534 546
131 62
857 83
390 183
778 59
314 854
34 868
410 617
588 131
865 292
82 623
593 14
500 115
592 17
774 317
693 97
783 156
472 848
298 420
377 393
870 124
172 320
71 318
890 246
332 112
265 779
713 679
807 196
481 414
630 155
663 622
296 715
816 398
122 266
211 515
343 301
784 138
291 168
534 663
480 317
208 564
757 685
601 823
883 151
119 77
12 2
224 624
606 550
577 263
191 225
598 664
412 393
871 591
31 213
286 121
787 844
20 644
449 152
8 565
28 707
393 745
817 714
104 360
320 802
558 207
140 147
24 485
355 477
435 489
351 171
66 440
304 401
797 418
624 312
121 339
783 772
766 231
431 77
636 559
137 123
492 186
679 234
154 467
558 504
79 292
497 564
63 736
736 555
852 426
338 47
721 887
877 703
578 277
54 389
778 667
115 740
658 188
63 102
854 44
433 125
492 212
69 515
708 217
721 161
772 495
423 625
819 375
199 522
575 657
586 474
258 808
243 803
601 413
298 105
879 137
194 215
181 692
194 357
79 696
693 843
21 768
898 391
19 678
50 464
787 846
662 713
210 438
41 595
192 577
547 809
781 614
558 607
450 815
822 517
472 272
372 228
191 859
160 732
21 520
487 238
889 515
623 178
58 37
210 847
775 569
696 243
209 660
768 505
283 234
155 504
631 148
666 586
756 545
598 13
21 279
297 314
638 330
396 345
62 894
122 406
586 691
623 73
573 238
406 564
33 471
720 556
103 322
90 271
817 27
170 114
805 709
712 878
50 373
320 876
185 469
717 352
30 396
510 462
135 468
552 171
68 14
491 465
22 528
276 680
230 721
624 790
827 820
719 622
458 523
129 632
224 897
640 849
765 754
431 31
168 77
251 737
127 893
658 596
135 293
248 617
457 684
490 710
899 131
116 689
738 57
265 620
468 270
814 513
250 576
771 556
729 610
583 71
298 459
457 230
2 202
361 442
357 218
878 117
23 181
391 721
275 488
330 421
807 521
53 295
647 855
472 782
200 839
860 272
483 431
778 619
606 771
853 863
503 657
382 4
656 173
361 731
780 647
411 552
147 772
859 151
584 353
719 103
247 554
1 629
177 76
307 384
313 234
59 352
51 793
12 771
191 776
51 614
706 133
395 162
294 567
550 214
333 205
776 235
863 568
102 515
734 415
58 708
267 763
486 431
381 639
260 828
225 470
245 433
383 479
291 107
133 166
795 264
771 749
137 311
794 582
642 678
293 327
718 395
689 799
886 477
650 677
678 460
139 161
873 399
854 715
598 371
858 845
540 826
248 392
225 476
305 88
471 889
366 728
850 436
132 86
174 61
738 471
174 779
866 112
892 290
39 667
678 345
326 349
418 767
642 695
606 586
358 226
23 628
682 726
550 442
542 59
866 781
328 731
508 816
487 746
613 358
33 171
683 416
507 831
141 272
781 707
703 629
844 552
381 559
401 43
124 622
410 53
844 62
62 150
228 300
234 652
552 110
871 61
166 739
76 10
492 609
891 792
372 232
547 470
523 569
504 561
754 619
369 332
656 59
137 576
259 380
481 715
591 446
665 775
328 506
803 620
195 103
823 834
769 405
580 868
411 495
286 82
602 837
892 802
150 49
58 258
464 59
696 241
244 497
748 435
87 891
547 682
59 256
372 415
653 289
315 782
274 829
699 40
866 62
481 313
523 530
231 525
878 165
172 881
780 364
209 889
659 796
649 21
775 876
186 641
876 888
458 661
418 587
326 439
104 687
666 635
879 638
191 552
844 441
656 251
712 196
320 744
90 485
694 548
180 157
366 109
182 312
502 376
497 322
795 619
70 70 60 50 30 60 20 50 20 40 60 10 70 30 90 10 70 40 100 90 60 50 100 100 100 30 100 40 20 10 70 80 50 100 60 10 60 80 70 20 40 80 40 10 60 90 60 80 90 20 30 40 90 80 20 90 20 70 20 80 80 90 70 10 90 30 100 40 80 100 60 20 90 100 100 30 90 90 60 70 70 10 100 30 10 30 70 30 50 80 100 20 70 80 90 40 60 40 40 30 60 50 20 80 60 60 20 80 10 80 70 100 100 90 60 50 10 30 100 50 80 100 20 80 80 30 20 80 70 50 90 80 60 10 10 50 40 100 20 40 10 60 60 100 60 80 30 90 50 80 90 60 50 60 10 90 50 40 100 50 80 100 80 100 80 40 30 40 70 30 10 100 50 80 30 90 50 20 70 50 100 30 60 70 50 70 70 100 30 100 10 30 100 90 40 50 50 10 40 90 20 90 50 20 80 80 40 30 60 80 50 70 50 80 20 50 60 50 40 70 100 30 80 30 80 40 20 10 60 60 30 10 60 40 100 80 30 60 80 100 60 80 90 80 100 70 70 90 10 40 30 40 90 30 10 30 100 60 30 60 40 90 70 10 10 60 30 70 80 80 60 100 20 100 20 100 20 100 30 90 90 100 100 100 50 100 20 80 70 50 40 20 60 40 20 60 20 50 50 80 80 60 60 20 40 90 100 80 60 10 30 80 20 90 20 50 40 30 40 50 50 20 60 80 100 60 20 90 80 90 100 20 100 10 100 50 20 30 70 70 60 90 80 20 90 10 90 20 50 60 100 10 10 100 80 40 80 90 90 10 50 40 100 20 60 50 50 60 80 20 60 100 50 80 50 70 70 80 90 10 20 20 100 90 20 90 80 30 70 80 20 30 100 10 100 80 30 30 30 10 60 80 70 80 60 100 10 40 60 10 10 60 20 80 100 100 20 90 100 80 20 50 50 10 60 40 60 20 10 30 60 70 80 50 100 40 10 100 30 20 40 20 50 50 20 100 10 10 80 30 40 90 30 50 40 60 30 30 80 10 90 40 20 70 100 90 40 70 100 80 20 30 60 70 90 60 20 50 90 100 70 80 70 60 50 30 40 50 10 30 60 30 100 20 60 20 80 20 30 50 100 20 50 50 50 40 40 60 90 80 80 80 70 60 40 60 50 90 50 90 70 80 10 90 100 10 50 90 100 50 50 90 40 100 30 50 40 10 100 60 80 100 100 70 90 80 50 100 90 30 100 10 40 80 80 20 60 40 50 70 30 80 50 60 90 70 40 30 60 40 70 80 70 100 100 10 90 40 20 20 100 100 90 100 50 50 80 80 100 10 60 90 80 10 40 10 10 30 100 40 10 10 60 10 30 60 60 30 80 20 90 100 30 100 80 90 10 40 100 30 70 30 40 10 80 40 20 10 90 60 90 100 10 80 80 30 70 70 100 60 90 60 70 90 40 20 60 50 80 30 50 80 100 40 60 60 90 50 50 90 20 10 20 30 90 60 50 20 90 70 80 80 40 20 70 10 50 20 90 50 40 70 80 90 40 50 10 70 70 80 50 100 20 60 100 100 40 70 90 70 90 60 60 10 40 20 60 30 50 30 80 90 20 80 60 50 30 40 100 50 10 10 40 60 20 10 50 40 40 80 40 50 20 80 30 20 60 40 30 40 50 70 10 20 10 30 60 90 30 70 60 50 80 100 60 80 100 80 70 10 60 20 80 80 50 50 100 30 80 20 50 50 100 40 60 90 30 10 60 70 40 20 40 20 10 90 50 100 50 70 80 70 90 70 60 30 70 10 80 70 20 90 50 10 30 40 40 30 30 90 60 30 100 90 10 70 60 90 50 100 70 60 10 10 70 50 10 20 70 100 30 100 20 90 60 60 60 20 30 10 80 80 90 30 10 50 60 100 70 40 40 50 90 70 80 90 90 30 50 10 50 20 50 20 20 10 50 10 70 40 50 100 80 20 90 10 100 40 100 60 20 80 100 60 20 30 10 40 80 30 40 50 50 60 50 30 80 100 60 40 
400
80 0 60 60 0 20 80 40 80 60 40 0 60 20 60 80 20 0 40 60 20 20 0 80 80 20 60 80 0 0 80 0 80 80 60 20 40 60 80 0 0 80 20 40 40 60 20 80 80 20 20 80 20 20 80 20 0 40 60 80 60 60 40 20 0 80 60 80 0 80 60 80 20 20 0 40 80 20 60 0 80 0 60 60 0 80 80 80 0 20 40 80 20 60 0 60 20 0 60 60 80 80 40 20 0 20 60 40 20 0 60 40 0 20 60 20 80 40 0 20 60 60 20 0 20 80 20 40 20 60 0 0 80 40 20 0 20 40 60 20 20 0 20 20 40 60 60 20 60 20 80 0 40 60 60 40 0 0 40 60 80 80 20 40 80 60 60 40 20 60 0 80 20 40 40 60 60 80 40 80 40 20 20 60 80 0 40 0 0 40 60 60 80 40 40 40 0 80 40 0 60 0 20 80 60 40 0 20 0 40 20 80 20 80 80 80 60 80 80 0 40 20 60 0 60 0 20 80 40 0 0 60 60 80 60 20 20 60 80 80 80 0 40 80 60 0 40 60 60 60 20 20 20 40 20 40 0 60 40 80 20 0 20 0 40 80 80 0 0 60 40 60 80 80 80 80 0 40 40 60 0 20 60 60 80 40 20 40 0 20 0 40 80 0 20 80 40 60 0 0 40 80 0 80 40 20 0 80 0 60 40 60 20 60 40 80 20 60 0 80 80 40 60 0 0 20 60 0 20 40 80 60 0 0 40 40 0 20 0 80 60 20 60 0 80 0 80 60 60 0 0 40 0 60 0 40 80 0 0 60 40 80 80 20 40 80 60 80 40 20 80 40 40 0 20 40 60 60 0 80 0 80 40 40 80 20 20 60 0 40 20 60 60 20 40 20 0 80 60 20 
3636
1 5 150
1 164 110
1 267 10
1 383 180
1 396 160
2 18 150
2 312 20
3 114 140
3 279 90
4 37 50
4 46 80
4 56 30
4 307 70
4 368 100
4 383 50
5 209 170
6 16 140
6 121 130
6 136 200
6 171 180
6 273 80
6 377 30
6 400 150
7 64 100
8 48 160
8 56 190
8 92 200
8 116 70
8 245 90
9 204 50
10 185 190
10 221 20
10 288 140
10 294 100
10 354 120
11 117 50
11 194 150
11 229 50
11 374 30
11 382 90
11 387 60
12 22 90
12 31 30
12 272 150
12 350 160
13 41 150
13 67 110
13 138 170
13 141 90
13 186 110
13 303 10
13 304 170
14 7 120
14 50 100
14 193 20
14 203 150
15 18 180
15 156 160
15 251 40
15 295 190
16 4 20
16 86 10
16 108 120
16 121 90
16 327 50
17 114 60
17 128 50
17 178 100
17 221 110
17 314 30
18 192 110
18 252 30
18 297 150
19 154 70
19 187 50
19 213 130
19 222 160
20 58 40
20 73 140
20 81 40
20 132 190
20 185 160
21 62 100
21 117 60
21 243 30
21 245 110
21 262 10
22 54 150
22 113 80
22 114 70
22 116 160
22 170 80
22 212 30
23 122 120
24 7 140
24 244 140
25 73 130
25 80 50
25 190 60
25 257 70
26 18 20
26 86 180
26 112 40
26 124 150
26 141 110
26 147 110
26 233 120
26 346 100
27 67 60
27 118 180
27 167 80
27 173 140
27 315 20
27 359 50
28 7 70
28 210 40
28 366 120
28 397 90
29 71 180
29 124 60
29 140 110
29 220 60
29 322 180
29 356 80
30 29 40
30 142 180
30 255 140
30 345 20
30 394 40
31 74 170
31 127 140
31 151 150
31 215 60
31 291 90
31 360 130
32 133 190
32 271 120
32 351 110
33 34 60
33 41 10
33 201 100
33 253 30
33 263 120
33 275 20
33 338 30
34 23 90
34 62 50
34 122 30
34 279 70
35 82 10
35 138 130
35 306 10
36 253 100
36 384 80
36 385 10
37 17 60
37 48 60
37 247 180
37 299 110
37 308 120
37 351 20
37 363 180
38 128 160
38 227 60
38 246 180
38 309 90
39 64 110
39 79 150
40 243 160
40 274 80
41 52 60
41 56 130
41 151 80
41 153 120
41 214 30
41 366 40
42 99 170
42 230 100
42 267 30
42 393 120
43 133 50
43 138 150
43 227 120
43 242 110
44 176 130
44 177 60
44 231 110
44 286 70
45 150 150
45 323 10
45 389 30
46 55 130
46 97 130
46 113 60
46 136 160
46 371 40
47 32 20
47 61 120
47 238 120
47 297 80
47 321 50
47 398 10
48 341 150
49 28 190
49 42 50
49 127 190
49 181 60
50 64 110
50 117 60
50 203 170
50 309 30
50 384 90
51 68 90
51 77 60
51 217 120
51 239 150
51 289 100
51 377 70
52 393 170
53 24 30
53 59 10
53 117 90
54 53 160
54 82 190
54 264 10
54 331 160
55 64 140
55 197 30
55 312 90
55 379 100
56 301 160
56 332 70
57 109 120
58 28 110
58 42 140
58 106 20
58 159 190
58 347 140
59 72 80
59 134 90
59 144 90
59 214 200
59 263 90
59 334 170
61 62 200
61 143 40
61 191 200
61 293 80
62 28 40
62 37 50
62 274 30
62 296 200
63 44 100
63 145 110
63 166 60
63 234 110
63 283 90
63 309 60
63 381 180
64 31 180
64 77 150
64 88 130
64 253 90
64 317 150
65 37 160
65 197 200
66 4 60
66 125 130
66 215 170
66 227 60
66 312 140
67 58 30
67 252 60
67 265 100
67 272 30
67 342 20
68 49 60
68 162 180
68 174 190
68 175 60
68 206 90
68 274 110
69 26 70
69 89 50
69 280 110
70 167 130
70 183 100
70 204 170
70 233 170
70 258 150
70 326 150
70 361 10
71 8 130
71 31 90
71 35 200
71 140 70
71 203 20
71 224 130
72 189 40
72 197 170
73 189 30
73 221 30
73 307 40
73 359 160
74 129 140
74 134 60
74 363 60
75 331 60
76 167 10
76 192 50
76 271 30
77 241 40
77 353 120
77 378 60
77 381 180
78 136 70
78 166 60
78 317 200
78 353 90
79 97 160
79 115 90
79 168 160
79 169 20
79 182 160
79 344 190
79 393 200
80 49 160
80 252 190
80 393 40
81 24 10
81 156 80
81 164 50
81 232 70
81 294 20
81 373 190
82 44 20
82 198 90
82 249 180
82 283 100
83 39 160
83 143 10
83 186 180
83 262 140
83 272 60
83 335 10
84 5 30
84 80 130
84 121 180
84 125 30
84 267 100
84 314 70
85 36 110
85 95 40
86 160 10
86 400 50
87 142 140
88 121 30
88 135 100
88 175 160
89 34 160
89 94 50
89 326 140
89 340 200
90 27 30
90 59 160
90 62 200
90 101 40
91 55 110
91 258 150
91 388 160
92 132 20
92 142 60
92 248 140
93 62 30
93 222 40
94 57 110
94 132 100
94 155 10
94 171 160
94 239 70
94 269 170
94 278 190
94 327 20
94 338 150
94 387 130
95 18 110
95 44 50
95 183 40
95 307 20
95 336 90
95 395 40
96 16 80
96 127 10
96 188 190
96 277 130
97 40 70
97 93 130
97 242 110
98 27 20
98 126 150
98 164 160
98 257 200
98 265 150
98 367 40
99 264 20
99 329 130
100 139 180
100 153 80
100 270 190
101 5 70
101 119 110
101 171 140
101 276 170
102 39 60
102 86 80
102 207 50
103 398 20
104 158 20
104 318 80
105 174 90
105 370 70
105 391 30
106 11 130
106 134 140
106 207 160
106 224 60
106 397 50
107 227 10
107 298 130
107 313 120
107 346 110
107 354 150
107 371 180
108 5 10
108 82 70
108 83 200
108 137 30
108 154 100
108 220 110
108 328 140
109 76 150
109 356 20
110 396 40
111 32 40
111 108 70
111 143 150
111 298 140
112 160 110
112 221 70
112 392 200
113 52 80
113 113 130
113 153 60
113 177 40
113 196 190
113 206 170
114 275 20
115 25 10
115 91 10
115 184 90
115 241 110
115 306 40
116 114 100
116 115 80
116 322 110
116 358 40
117 39 100
117 228 170
117 268 140
117 280 190
117 301 90
117 370 20
118 33 100
118 245 140
118 349 50
119 171 60
119 177 10
119 204 130
119 350 180
119 374 50
119 377 100
120 7 40
120 79 170
121 69 60
121 140 70
121 179 190
121 204 200
121 387 140
122 48 170
122 73 20
122 125 60
123 15 130
123 30 110
123 183 140
123 299 180
124 10 50
124 27 160
124 318 90
124 328 200
124 334 160
125 50 110
125 228 30
125 242 60
126 34 30
126 54 160
126 108 70
126 228 50
126 243 40
126 281 40
126 375 180
127 144 80
127 224 80
127 324 100
127 327 90
127 383 170
128 250 90
128 319 190
129 113 20
129 157 150
129 209 110
129 225 190
129 341 150
130 131 20
130 166 70
130 188 50
130 244 70
130 267 180
130 291 20
130 306 140
130 307 100
130 310 170
131 21 160
131 72 130
132 25 70
132 44 70
133 57 190
133 88 190
133 187 20
133 348 190
133 394 120
134 17 10
134 41 130
134 56 70
134 259 120
134 306 40
134 355 130
135 2 20
135 101 10
135 191 130
135 290 190
135 312 10
135 372 30
136 71 20
136 159 140
136 377 150
137 17 170
137 81 120
137 186 60
137 223 110
137 300 180
137 327 200
137 352 120
138 85 110
138 91 160
138 190 40
138 253 150
138 282 90
139 34 70
139 199 140
141 18 190
141 75 10
141 289 180
141 362 50
142 104 60
142 145 170
142 173 150
142 186 190
142 190 190
142 201 140
142 241 110
142 339 150
142 386 50
143 64 160
143 161 60
143 263 50
144 184 150
144 232 180
144 239 180
144 241 130
144 243 150
145 27 140
145 100 70
145 176 20
145 217 200
145 220 10
145 291 140
145 354 120
146 43 50
146 74 160
146 148 170
146 257 50
147 112 120
147 132 20
147 138 200
147 262 10
148 1 70
148 117 170
148 122 150
149 75 130
149 177 110
149 197 10
149 291 200
149 361 80
150 66 110
150 114 30
150 249 40
151 89 160
151 201 160
151 210 70
152 10 80
152 100 170
152 178 40
152 179 110
152 377 40
153 179 130
153 256 160
154 57 80
155 28 170
155 79 170
155 115 190
155 122 190
155 181 10
155 196 150
155 219 80
155 235 30
155 385 40
156 120 100
156 220 160
156 264 60
156 283 20
156 383 170
157 18 90
157 117 100
157 142 180
157 155 120
157 182 110
157 223 40
157 251 60
157 263 60
157 316 200
157 381 60
158 96 100
158 165 80
158 218 160
158 287 160
158 293 200
159 1 200
159 68 70
159 146 40
159 165 170
159 397 120
160 27 40
160 204 200
160 264 50
160 269 60
161 177 190
161 241 110
161 263 90
161 305 190
162 72 130
162 193 30
162 239 170
162 326 50
162 347 140
163 206 90
163 208 140
163 282 30
164 12 60
164 165 180
164 179 60
164 195 90
164 221 50
164 258 10
165 102 150
165 154 30
166 4 20
166 136 80
166 176 170
166 337 170
167 1 190
167 63 40
167 110 40
167 135 70
167 290 20
167 388 170
168 115 140
168 136 170
168 144 200
168 231 110
168 243 40
168 262 150
168 320 70
169 241 10
169 370 90
170 48 10
170 114 90
170 120 30
170 146 100
170 257 60
170 270 150
170 386 200
171 55 190
171 300 50
171 392 200
172 42 60
172 121 140
172 128 200
172 178 40
172 273 40
173 174 60
173 235 190
173 324 40
173 354 50
173 373 30
174 48 90
174 73 140
174 250 120
174 262 70
174 373 160
175 4 30
175 106 100
175 231 90
175 292 80
176 8 200
176 48 160
176 88 60
176 119 40
176 231 30
176 338 90
176 367 160
176 400 170
177 52 190
177 79 100
177 177 70
177 194 100
177 216 110
177 269 90
177 284 30
177 318 150
177 351 170
178 247 170
179 59 80
179 196 70
179 384 200
180 238 200
180 246 70
180 321 150
181 197 80
181 249 80
181 375 30
182 146 150
182 150 20
182 345 30
183 7 40
183 32 160
183 37 200
183 67 130
183 116 20
183 309 30
184 208 70
184 228 60
184 379 70
185 13 110
185 145 180
185 391 190
186 353 200
187 99 70
187 167 100
188 156 140
188 197 140
188 380 50
189 113 190
189 224 70
189 297 180
189 382 120
190 136 160
190 148 50
190 199 50
190 397 140
191 125 50
191 191 130
192 61 180
192 332 140
193 159 170
194 47 200
194 63 110
194 95 180
194 236 90
194 284 140
195 14 80
195 189 170
195 208 10
196 14 50
196 22 130
196 62 110
196 90 120
196 114 190
196 289 160
196 390 50
196 399 150
196 400 10
197 35 50
197 135 50
197 279 140
197 393 50
198 114 150
198 119 30
198 194 140
198 351 50
198 381 120
199 243 70
199 287 200
200 68 180
200 69 10
200 232 90
200 241 200
200 332 30
201 150 170
202 17 100
202 68 10
202 112 170
202 154 130
202 186 90
202 206 180
202 378 50
203 34 60
203 59 200
203 106 140
203 166 90
203 192 130
203 287 100
204 27 200
204 105 40
204 277 150
204 286 80
204 333 130
205 45 150
205 167 10
205 183 20
205 386 150
206 30 90
206 147 200
207 242 70
208 293 120
209 103 10
209 118 140
209 124 50
209 127 50
209 199 70
209 252 50
209 368 190
210 291 180
210 365 70
210 376 60
211 149 20
211 164 80
211 180 170
212 89 100
212 121 50
212 156 160
212 185 160
212 198 80
212 245 100
212 249 20
212 339 120
213 98 150
213 312 200
213 395 200
214 159 40
214 189 30
214 237 150
214 246 160
214 253 140
214 310 10
214 378 100
214 379 110
215 6 90
215 11 180
215 27 140
215 171 170
215 266 140
215 319 140
216 8 80
216 253 20
216 254 130
216 270 20
216 286 130
216 294 70
216 311 190
217 78 110
217 79 20
217 117 140
217 254 50
218 344 50
219 61 180
219 73 110
219 229 20
220 34 170
220 48 80
220 148 90
220 236 130
220 240 150
220 371 120
220 384 200
221 39 70
221 97 80
221 342 70
222 102 30
222 217 120
222 232 40
222 342 150
223 223 160
223 271 180
223 397 10
224 11 80
224 34 200
224 354 40
225 97 180
225 114 30
225 278 180
225 326 160
226 83 160
226 110 60
226 234 160
226 245 120
226 288 150
226 343 170
227 133 120
227 390 200
228 29 100
228 231 130
228 238 150
229 13 20
229 281 150
229 384 130
230 112 100
230 203 100
231 381 30
232 44 40
232 302 150
232 315 110
232 346 180
233 26 70
233 201 90
233 238 90
233 295 50
233 306 170
233 374 20
233 387 20
234 17 120
234 101 170
234 120 80
234 129 20
234 203 180
234 290 10
235 67 40
235 157 50
235 245 140
235 332 200
235 364 190
236 25 30
236 89 170
236 218 80
236 243 30
236 266 150
236 327 90
237 81 100
237 146 120
237 180 180
237 355 40
238 49 160
238 145 20
239 228 180
239 247 50
239 282 140
240 64 150
240 97 170
240 253 50
240 322 180
240 359 110
241 68 40
241 192 200
241 275 120
242 157 110
242 234 190
242 317 30
242 394 60
243 89 50
243 115 190
243 160 140
243 256 110
243 393 60
244 14 40
244 58 10
244 108 20
244 134 40
244 167 20
244 329 40
245 134 180
245 155 40
245 170 160
245 294 90
245 332 10
246 165 170
246 215 120
246 226 140
246 371 60
246 380 170
247 7 100
247 56 30
247 116 90
247 275 180
247 332 10
247 341 200
248 193 120
248 230 130
248 304 80
249 100 160
249 212 190
249 350 140
250 24 20
250 58 80
250 68 110
250 171 190
250 289 30
251 301 90
251 337 10
252 52 190
252 71 20
252 81 80
252 118 60
252 145 60
252 366 190
253 120 140
253 278 180
253 292 90
253 357 120
254 47 190
254 58 170
254 135 200
254 276 40
254 319 110
255 374 150
256 96 130
256 108 110
256 218 50
256 288 120
257 157 60
257 168 160
257 299 200
258 37 70
258 196 110
258 222 60
258 247 10
259 56 50
259 140 80
259 141 40
259 201 190
259 355 110
259 366 30
259 384 110
261 68 110
261 306 140
261 311 150
262 21 170
262 155 150
262 292 100
262 386 70
263 232 30
263 283 100
263 379 70
264 192 80
264 220 90
264 342 160
264 375 140
265 7 30
265 45 110
265 230 140
265 329 160
265 392 140
266 99 130
267 125 100
267 256 150
267 370 10
268 42 100
268 134 200
268 308 50
268 321 90
269 40 50
269 56 80
269 170 80
269 257 190
270 21 60
270 97 140
270 196 190
270 268 120
270 297 100
270 323 160
271 137 80
271 146 200
271 186 60
271 353 80
271 359 160
272 55 70
272 86 90
272 134 180
272 137 130
272 154 140
272 166 100
272 169 100
272 256 60
272 311 90
272 371 90
273 62 30
273 91 30
273 251 30
273 328 10
273 393 180
274 70 190
274 151 40
274 308 100
275 11 90
275 184 130
275 239 10
276 37 140
276 38 190
276 75 40
276 361 200
277 2 110
277 182 70
277 221 180
277 270 30
278 12 70
278 44 100
278 52 30
278 287 140
279 14 20
279 156 20
279 202 190
279 213 200
279 228 60
279 244 100
279 271 40
279 313 120
279 372 30
280 37 90
280 76 10
280 82 190
280 109 50
280 143 180
280 176 90
280 205 100
280 289 70
280 358 120
281 74 200
281 162 180
281 213 80
281 284 70
281 382 100
281 390 180
282 328 40
282 330 150
283 74 150
283 177 150
283 182 60
283 232 200
283 315 100
283 367 190
284 106 180
284 135 70
284 142 160
284 342 160
285 108 120
285 184 170
285 391 40
286 40 40
286 93 100
286 226 80
286 237 120
286 292 150
286 325 90
286 390 170
287 47 140
287 60 150
287 265 100
287 295 60
287 317 100
287 356 170
288 262 160
289 140 20
289 277 60
290 129 40
290 134 50
290 353 170
290 372 30
290 400 60
291 14 90
291 53 70
292 192 80
292 225 30
293 30 60
293 110 180
293 154 50
293 246 120
293 267 40
293 287 50
293 294 150
293 400 190
294 123 140
294 136 140
294 193 200
294 197 70
294 248 160
294 259 10
294 333 40
295 188 30
295 294 30
296 221 10
296 346 50
297 5 70
297 113 80
297 246 90
298 29 120
298 100 130
298 163 50
298 231 50
298 287 150
299 283 90
299 306 160
299 331 80
299 353 90
300 22 20
300 59 40
300 64 20
300 95 190
300 258 120
300 335 70
300 377 120
301 48 20
301 183 150
301 196 40
301 217 40
301 315 160
301 396 70
302 39 150
302 134 70
302 257 200
302 270 180
303 91 170
303 185 100
304 67 180
304 181 180
304 187 100
304 210 110
306 223 190
307 64 110
307 101 30
307 111 150
307 119 180
307 200 80
307 217 160
307 298 110
307 378 110
308 56 180
308 157 140
308 188 170
308 286 40
309 28 90
309 53 40
309 68 180
309 101 50
309 256 80
309 362 70
310 162 120
310 335 90
310 341 160
311 60 90
311 157 150
311 174 10
311 363 70
312 124 60
312 234 20
312 261 20
312 384 30
313 240 110
313 242 120
314 73 190
314 145 30
314 288 180
314 309 70
315 42 120
315 91 150
315 124 200
315 143 60
315 275 120
315 290 140
315 341 200
316 85 180
316 91 150
316 182 200
316 229 80
316 259 70
316 277 140
316 295 140
316 296 60
316 306 140
317 12 130
317 45 140
317 123 140
317 134 160
317 218 40
317 220 50
317 237 130
317 335 110
317 353 30
317 394 10
318 38 40
318 134 70
318 171 150
318 271 150
318 272 200
318 321 100
319 32 190
319 101 100
319 134 150
319 168 160
319 187 190
319 247 140
320 120 50
321 189 110
321 204 170
321 213 70
321 249 20
321 370 80
321 394 90
322 71 100
322 79 40
322 195 90
322 390 170
323 280 190
324 24 170
324 203 170
325 237 70
325 312 170
325 351 50
326 77 140
326 121 180
326 133 190
326 159 110
326 196 60
326 250 20
326 284 170
326 317 70
326 344 160
326 376 100
327 13 30
327 37 140
327 44 60
327 218 10
327 262 150
327 372 20
327 397 120
328 1 40
328 92 100
328 131 120
328 222 100
328 258 160
328 260 20
328 312 40
328 337 50
329 1 200
329 299 30
329 300 60
329 327 60
330 9 20
330 118 70
330 200 110
330 218 130
330 302 100
330 375 30
331 6 190
331 59 100
332 148 30
333 101 40
333 129 150
333 387 60
334 185 70
334 224 60
334 313 110
334 333 10
334 387 110
335 11 160
335 96 160
335 145 180
335 222 170
335 303 130
335 367 10
336 10 180
336 57 200
336 173 60
336 295 20
336 361 170
337 64 140
337 125 60
337 172 30
337 192 10
338 126 180
338 148 80
338 368 30
339 203 110
339 288 20
339 328 40
339 396 130
340 18 80
340 28 110
341 167 50
341 196 110
341 231 200
341 389 40
342 163 90
342 236 100
342 369 40
343 29 50
343 35 160
343 45 100
343 181 100
343 203 160
343 286 170
343 318 30
343 361 180
343 370 20
344 175 160
344 239 160
344 262 10
345 20 150
345 180 30
345 197 40
345 239 180
346 108 90
346 241 170
346 274 40
346 345 190
346 372 190
346 377 20
347 240 40
347 331 20
347 349 100
348 1 120
348 175 110
348 280 100
348 332 30
348 336 70
349 357 150
350 6 30
350 68 140
350 190 130
350 395 40
351 146 140
351 219 190
351 357 170
352 2 70
352 51 200
352 52 100
352 174 190
352 307 140
352 382 40
353 11 10
353 13 160
353 209 160
353 305 120
353 381 30
353 390 180
354 87 40
354 153 80
354 206 160
354 269 140
354 275 200
354 371 190
355 59 150
355 113 60
355 142 120
355 304 50
356 49 120
357 206 40
357 248 200
357 375 150
358 50 20
358 51 70
358 162 30
358 312 120
358 336 70
359 9 30
359 126 20
359 343 200
360 9 80
360 95 80
360 130 10
360 258 50
360 303 90
361 75 70
361 158 40
361 235 190
362 111 70
363 88 80
363 189 90
363 219 30
364 93 20
364 233 20
364 331 50
364 363 30
365 30 100
365 101 110
365 215 150
365 242 130
365 375 40
366 189 200
366 201 190
366 290 110
367 119 40
367 171 170
367 281 120
367 328 10
368 27 120
368 90 110
368 114 150
368 190 100
368 259 10
368 285 60
368 306 190
369 69 20
369 70 10
369 74 140
369 173 190
369 178 20
369 377 180
370 23 120
370 119 140
371 5 160
371 34 80
371 85 90
371 357 30
371 399 130
372 257 200
372 379 30
373 125 200
374 207 150
374 215 170
374 251 90
374 294 60
375 37 120
375 145 20
375 220 60
375 381 190
376 172 150
376 180 200
376 217 20
376 397 100
377 22 200
377 25 60
377 35 110
377 56 40
377 132 90
378 66 190
378 147 30
378 261 70
379 189 140
379 245 160
379 253 10
379 301 190
379 357 170
379 369 90
379 376 150
380 36 120
380 46 120
380 233 100
380 389 120
381 45 200
381 49 130
381 94 140
381 123 40
381 250 60
382 81 40
382 94 110
382 297 60
382 384 180
383 32 200
383 139 110
383 271 30
384 22 60
384 24 190
384 66 30
384 133 60
384 144 20
384 147 60
384 212 200
384 235 150
384 282 130
384 292 140
385 6 160
385 344 190
385 361 140
385 362 170
386 5 110
386 22 40
386 45 60
386 57 100
386 73 140
386 150 130
386 151 130
386 318 70
386 332 170
386 357 70
387 14 30
387 214 10
387 349 170
387 398 150
389 33 150
389 94 190
389 293 180
391 224 100
392 8 100
392 122 170
392 169 150
392 398 20
393 272 10
394 62 40
394 205 150
394 249 120
394 346 130
395 69 50
395 213 30
395 233 110
395 259 110
395 388 30
396 112 130
397 78 190
397 147 110
397 320 110
397 353 190
398 109 60
398 159 120
398 169 50
398 187 50
398 255 100
399 56 140
399 143 200
399 160 70
399 200 200
399 287 150
400 103 70
400 213 20
400 299 180
400 300 190
401 140 10
401 146 160
401 180 100
402 68 80
402 257 20
402 281 140
402 289 170
402 300 180
402 357 200
403 29 160
403 68 100
403 200 20
403 216 90
403 226 30
403 369 40
404 119 150
404 159 10
405 34 160
405 49 40
405 97 120
405 342 100
405 374 60
405 386 50
405 389 30
406 141 150
406 189 40
406 391 40
407 16 50
407 67 20
407 269 200
408 12 90
408 78 90
408 148 40
408 157 60
408 282 90
408 292 180
408 383 10
409 45 190
409 153 190
409 184 190
409 201 80
409 234 150
409 396 160
410 20 140
410 108 60
410 319 170
410 353 170
411 13 40
411 201 160
411 215 160
411 277 80
411 368 10
412 65 190
412 366 70
413 91 90
413 153 50
413 232 180
414 66 80
414 260 80
414 306 200
415 107 160
415 130 180
415 137 200
415 227 130
415 233 170
416 104 170
416 135 100
416 158 40
417 79 130
417 187 30
417 246 90
417 303 150
417 374 160
418 30 50
418 139 170
418 159 180
418 334 190
418 378 130
419 22 80
419 45 110
419 260 90
420 43 120
420 142 120
420 167 10
420 184 180
420 255 150
421 157 70
422 79 80
422 102 180
422 108 130
423 147 50
423 269 150
423 299 80
423 314 40
423 362 60
424 203 40
424 267 130
424 314 180
425 64 50
425 81 190
427 78 100
429 2 160
429 132 100
429 152 120
429 278 190
429 282 90
429 367 50
430 276 120
430 290 10
431 16 160
431 24 70
431 88 110
431 218 110
431 386 150
432 153 50
432 231 160
432 382 150
433 86 200
433 140 90
433 215 70
433 357 30
434 14 80
434 169 120
434 210 10
434 258 110
435 29 160
435 136 130
435 180 60
436 185 180
436 290 200
437 114 110
438 119 70
438 133 130
438 251 50
439 125 10
439 257 20
439 391 90
440 62 170
440 179 90
440 204 50
440 216 190
440 275 190
441 12 120
441 370 40
442 337 10
442 341 150
443 77 110
443 337 40
443 368 130
444 3 140
444 114 180
445 51 90
445 60 80
445 116 60
445 392 10
446 293 20
446 312 60
446 356 130
446 373 100
447 83 150
447 103 130
447 172 150
448 56 130
448 101 80
448 236 130
448 246 40
448 264 190
448 298 150
449 61 160
449 172 180
449 268 170
449 340 140
450 7 190
450 20 200
450 173 180
450 399 160
451 194 130
451 209 30
451 266 160
451 321 50
451 381 140
452 19 40
452 20 100
452 89 10
452 111 110
452 171 130
452 221 160
452 399 160
453 50 80
453 133 40
454 25 10
454 28 10
454 39 130
454 40 200
454 213 40
454 332 30
454 378 180
455 156 50
455 160 80
455 212 80
455 283 170
456 13 120
456 120 170
456 284 70
456 301 150
456 345 120
457 204 30
458 100 110
458 200 150
458 257 20
458 287 90
458 349 80
459 26 20
459 291 80
460 260 10
460 311 150
460 375 60
460 400 170
461 3 40
461 23 130
461 288 140
461 326 10
462 15 40
462 141 140
462 299 110
463 86 120
463 121 10
463 199 80
463 205 140
463 304 120
464 30 80
464 296 110
464 302 120
464 338 120
465 72 40
465 113 180
465 132 40
466 297 170
466 339 200
467 17 190
467 110 110
467 114 120
467 227 150
467 299 60
467 340 50
467 372 10
468 193 140
468 332 130
469 39 200
469 44 130
469 67 10
469 215 10
469 298 20
469 337 40
469 360 10
469 397 160
470 100 140
470 190 80
470 306 80
470 378 90
470 397 160
471 92 130
471 138 100
471 228 140
471 247 150
471 251 80
472 14 30
472 33 50
472 176 30
472 335 100
473 105 10
473 165 110
473 171 40
474 111 200
475 83 70
475 195 20
475 247 80
475 298 50
476 91 100
476 140 200
476 174 190
476 354 20
476 362 40
476 395 40
477 124 30
477 131 80
477 155 70
477 217 160
477 361 20
477 398 130
478 99 70
478 226 200
478 227 10
478 360 70
479 127 80
479 157 60
479 275 60
479 327 140
480 214 200
480 315 110
480 386 40
481 13 50
481 43 90
481 99 80
481 179 50
481 252 200
481 260 10
481 343 110
481 364 200
482 45 40
482 75 30
482 183 130
482 272 180
482 281 180
483 80 60
483 131 180
483 179 160
483 239 170
483 390 80
484 41 60
484 83 120
484 134 130
484 281 30
484 290 200
484 381 10
485 128 10
485 201 60
485 269 40
485 400 80
486 86 160
486 301 40
486 308 30
486 349 40
486 354 140
487 47 170
487 67 30
487 96 170
487 354 190
488 118 10
488 244 150
488 266 40
488 317 40
488 327 80
488 374 180
489 339 50
490 276 10
491 133 20
491 191 180
491 285 180
491 303 70
491 378 10
492 17 40
492 92 100
492 117 100
492 370 130
493 330 40
493 331 40
494 77 150
494 175 10
494 186 60
495 175 50
495 260 70
495 328 100
495 392 160
496 11 20
496 86 200
496 102 100
496 169 20
496 203 30
496 271 130
497 9 50
497 345 100
498 92 170
498 202 200
498 271 120
498 319 60
498 343 120
498 362 110
499 182 150
499 245 120
499 328 170
500 180 70
500 268 160
501 108 100
501 111 10
501 200 40
501 289 110
501 323 40
501 395 190
502 9 10
502 204 20
502 370 150
503 90 180
503 154 180
503 195 30
503 227 80
503 243 100
504 178 110
504 356 170
505 16 140
505 259 100
505 357 200
506 85 140
506 165 200
506 232 90
506 298 80
506 331 170
506 343 170
507 115 110
507 219 130
507 226 30
507 243 180
508 1 180
508 104 80
508 146 50
508 171 70
508 275 140
508 384 60
509 202 50
509 230 140
509 291 180
509 305 190
509 328 30
510 152 190
510 162 180
510 363 80
511 13 30
511 78 110
511 149 120
511 160 100
511 361 20
512 103 190
513 58 90
513 155 130
513 171 160
513 210 110
513 261 70
514 31 150
514 265 90
514 321 160
515 29 40
515 58 70
515 289 130
516 95 40
516 97 190
516 106 80
516 217 30
517 29 200
517 52 110
517 67 30
517 176 160
517 200 200
517 313 140
517 395 170
518 18 10
518 31 20
518 213 40
518 250 120
518 260 170
519 1 80
519 17 90
519 32 200
519 68 180
519 193 10
519 268 30
520 236 190
521 27 40
522 64 20
522 120 180
522 169 90
522 211 200
522 260 30
522 273 120
523 99 120
523 181 150
523 223 30
523 243 90
523 391 60
524 5 10
524 17 110
524 31 10
525 150 60
525 167 140
525 216 100
525 345 80
526 37 130
526 226 150
527 62 50
527 87 30
528 40 100
528 61 110
528 200 170
529 313 50
529 344 200
529 345 30
529 352 170
529 367 160
530 201 160
530 343 110
531 10 110
531 16 180
531 58 20
531 160 110
531 250 190
531 339 30
531 345 200
531 388 80
532 69 130
532 193 70
532 257 150
532 260 130
533 57 190
533 98 170
533 165 50
533 229 110
533 259 150
533 373 80
534 23 150
534 171 90
534 175 100
535 262 70
535 363 80
536 73 80
536 299 70
536 333 160
536 335 90
537 61 150
537 71 190
537 161 170
537 272 40
538 28 120
538 61 30
538 79 10
538 170 60
538 234 180
538 313 200
539 12 100
539 44 120
539 61 110
539 226 90
540 205 200
541 85 190
541 188 140
541 303 60
541 339 30
541 374 180
542 388 190
542 391 50
543 8 10
543 57 80
544 60 190
544 98 200
544 235 50
544 332 80
544 385 40
545 61 200
545 71 90
545 400 70
546 80 60
546 272 140
546 363 80
547 67 30
547 69 130
548 25 100
548 135 110
548 281 150
548 299 60
548 330 180
549 177 150
549 274 180
550 8 140
550 186 80
551 12 50
552 143 30
552 382 40
552 397 150
553 63 30
553 129 110
553 290 180
553 371 30
553 393 20
554 36 120
554 168 30
554 275 170
554 281 70
554 397 120
555 41 200
555 52 120
555 348 60
556 18 110
556 49 110
556 83 60
557 57 130
557 341 200
558 115 170
558 179 40
558 202 30
558 205 170
558 236 60
558 319 130
559 180 120
559 205 90
559 214 150
559 287 180
560 107 130
560 138 120
560 277 190
560 361 30
561 189 20
561 208 180
561 269 20
562 65 20
562 202 10
563 51 120
563 56 30
563 78 120
563 81 60
563 104 170
563 216 80
563 366 10
563 376 30
564 143 20
564 310 150
564 377 140
565 229 190
565 279 160
565 286 130
565 318 130
566 141 100
566 263 50
567 19 20
567 147 80
567 152 90
567 231 90
567 243 100
567 251 50
567 287 70
567 328 10
567 350 10
567 364 70
568 13 150
568 61 180
568 283 90
569 55 20
569 251 20
569 364 80
570 79 120
570 139 140
570 345 140
570 347 130
571 130 40
571 316 70
571 357 10
572 226 10
572 253 150
573 108 70
573 116 160
573 245 70
573 385 60
574 36 150
574 112 110
574 196 200
574 229 190
574 238 200
575 134 40
575 324 100
575 336 90
575 338 190
575 360 10
575 366 90
576 56 140
576 210 130
576 240 150
576 248 200
576 343 190
577 1 50
577 5 90
577 50 160
577 151 160
577 194 70
577 269 90
577 343 100
578 8 30
578 188 140
578 248 50
578 298 60
579 183 50
579 189 50
579 298 120
579 378 20
580 4 180
580 7 200
580 250 70
580 363 50
581 76 50
582 70 100
582 96 60
582 212 10
582 322 190
582 382 130
583 4 110
583 103 180
583 192 70
583 200 40
583 242 120
583 331 160
584 69 140
584 261 100
585 109 80
585 136 180
585 289 170
585 362 200
586 170 50
586 265 120
586 331 130
587 35 180
587 36 10
587 188 120
587 291 30
588 77 160
588 317 70
589 8 90
589 191 180
589 252 150
589 297 100
589 324 100
589 330 110
589 382 20
589 389 80
589 394 140
590 135 90
590 158 190
591 137 200
591 212 10
591 265 180
592 19 190
592 119 180
592 174 150
592 218 80
592 268 160
592 274 20
592 277 70
592 343 120
592 356 90
593 58 90
593 118 120
593 274 150
594 158 40
594 207 90
594 270 20
595 13 120
595 108 90
595 133 200
595 230 10
595 363 150
596 49 60
596 70 100
596 97 60
596 365 150
597 86 170
597 212 110
597 306 190
597 316 80
597 320 90
597 383 170
597 387 160
598 100 180
598 103 10
598 186 90
598 331 120
598 344 100
599 135 20
599 221 170
599 307 100
600 257 100
601 193 80
601 297 170
601 311 20
601 322 120
602 125 200
602 214 100
602 293 20
602 358 120
603 270 30
604 77 180
604 79 110
604 270 80
604 329 60
604 367 50
605 42 120
605 83 40
605 96 70
605 99 40
605 174 160
606 229 60
607 40 130
607 66 140
607 180 180
607 264 20
608 177 170
608 189 80
609 32 180
609 58 130
609 74 180
609 184 80
609 255 180
609 268 80
609 348 170
610 290 120
610 317 120
610 328 10
611 98 10
611 124 180
611 206 140
611 218 170
611 225 100
611 326 110
611 370 110
611 400 140
612 179 100
612 239 20
612 388 140
613 13 60
613 147 150
613 250 130
614 98 190
614 134 30
615 13 90
616 112 100
616 156 150
616 238 70
616 268 180
617 135 130
617 220 10
617 358 60
617 376 180
618 213 70
618 311 180
619 60 160
619 78 130
619 83 180
619 197 20
620 163 30
621 20 140
621 40 120
621 60 140
621 123 140
621 165 200
621 316 20
621 341 110
622 39 100
622 147 80
622 179 50
622 198 30
622 337 60
623 70 100
623 176 110
623 305 70
624 377 190
624 389 160
625 82 140
625 303 50
625 344 100
626 26 110
626 88 80
626 165 110
626 386 70
626 388 20
627 93 200
628 49 140
628 158 130
628 199 30
628 338 90
629 135 180
629 146 120
629 271 20
629 298 50
630 136 80
630 254 160
630 273 140
630 362 90
630 384 170
630 385 20
631 4 190
631 20 10
631 278 20
632 16 90
632 146 10
632 225 170
632 264 200
632 399 80
633 40 70
633 41 200
634 33 200
634 100 30
634 105 50
634 228 120
634 309 50
634 364 140
635 192 150
635 219 120
635 235 130
635 297 170
636 21 30
636 44 120
636 54 100
636 75 20
636 192 200
636 248 10
637 85 110
638 85 190
638 158 90
639 79 170
639 179 130
639 273 180
640 276 160
640 388 40
640 400 170
641 181 100
641 213 160
641 309 100
641 333 40
642 6 10
642 22 10
642 72 160
642 295 180
642 398 40
643 36 40
643 73 120
643 104 80
643 181 30
643 223 30
643 225 140
643 277 30
643 278 120
643 330 130
644 68 190
644 112 150
644 163 120
644 215 40
644 245 40
645 15 60
645 57 140
645 61 130
645 119 30
645 245 180
646 22 120
646 139 10
646 166 20
646 246 70
646 372 120
647 12 20
647 31 70
647 92 90
647 203 170
648 3 60
648 23 100
648 103 30
649 4 30
649 173 190
649 308 10
649 372 170
650 54 150
650 214 10
650 336 120
651 4 110
651 43 10
651 229 60
651 236 160
652 2 120
652 91 10
652 286 190
652 356 130
652 364 160
653 7 110
653 98 120
653 111 190
653 118 180
653 163 30
653 263 10
654 123 140
654 169 80
654 267 20
654 373 100
655 129 110
655 135 180
655 289 190
655 341 90
656 41 150
656 107 100
656 108 30
656 214 130
656 273 150
657 55 60
657 154 10
657 170 180
657 284 180
657 329 160
657 335 40
658 271 170
658 274 190
658 356 70
659 72 180
659 132 40
659 313 60
659 366 50
660 22 140
660 71 20
660 86 160
660 157 150
660 200 30
660 316 10
661 12 40
661 79 70
661 84 40
661 290 140
662 47 10
662 49 130
662 351 140
662 372 40
662 396 80
663 11 190
663 357 110
664 100 90
664 116 80
664 143 150
664 171 10
664 208 190
664 232 190
664 347 130
664 389 90
665 84 80
665 247 60
665 252 30
665 272 200
666 3 40
666 199 170
666 297 20
666 320 70
667 164 50
667 262 60
668 6 190
668 53 190
668 373 160
669 81 50
669 174 110
669 235 110
671 97 130
671 104 20
671 146 30
671 191 90
671 233 130
671 384 20
672 16 120
672 202 200
672 214 170
672 250 110
672 381 200
673 47 40
673 66 10
673 148 180
673 199 150
673 330 190
673 384 20
673 394 130
674 109 120
674 197 50
674 340 70
674 373 150
675 11 60
675 133 130
675 170 140
675 188 170
675 320 90
676 14 10
676 140 90
676 191 80
677 43 160
677 68 40
677 239 50
677 324 60
678 35 180
678 162 50
678 253 180
679 23 60
679 125 190
679 143 10
679 181 80
679 210 100
679 328 150
680 109 170
680 188 80
680 236 30
680 339 150
681 18 50
681 36 140
681 40 170
681 220 60
681 255 100
681 284 120
681 322 80
681 325 80
682 298 120
683 32 40
683 52 190
683 175 10
683 176 10
683 254 180
683 365 200
684 173 190
684 175 120
684 208 50
685 33 180
685 250 100
685 328 140
685 330 90
685 337 60
685 367 170
686 28 40
686 37 20
686 106 40
687 95 80
687 101 40
687 114 50
687 317 140
687 348 200
688 304 90
688 329 190
689 237 140
690 59 100
690 97 20
690 348 190
691 34 160
691 136 20
691 191 10
691 221 60
691 295 160
692 57 130
692 77 40
692 124 190
692 194 50
692 237 120
693 204 200
694 102 160
694 193 130
694 205 60
694 308 40
694 392 160
695 22 170
695 62 160
695 245 190
695 285 40
696 70 50
696 86 110
696 284 180
696 301 60
697 40 150
697 55 130
697 272 190
697 291 180
698 16 140
698 102 130
698 225 10
698 365 170
699 77 160
699 123 110
699 212 10
700 4 180
700 167 30
700 181 100
700 207 130
700 332 60
701 4 130
701 38 120
701 50 30
701 195 130
701 199 200
701 299 110
701 383 120
702 200 20
702 353 140
703 13 160
703 113 200
703 259 140
704 232 20
704 339 30
705 48 150
705 264 150
706 33 170
706 89 20
706 226 50
707 63 50
707 165 120
707 203 80
707 383 120
708 38 70
708 125 30
708 136 100
708 173 110
708 234 20
708 328 80
709 258 90
709 338 140
709 375 30
710 204 200
710 268 90
710 357 50
711 98 160
711 267 150
711 361 30
712 51 90
712 76 10
712 125 80
712 199 200
712 223 20
713 3 70
713 28 40
713 383 60
714 57 80
714 66 180
714 129 130
714 341 180
714 344 40
715 18 140
715 20 20
715 133 90
715 268 170
716 20 100
716 202 150
716 304 180
717 161 80
717 232 160
717 384 30
718 31 60
718 138 60
718 165 160
718 383 120
720 44 150
720 132 190
720 230 150
720 251 80
720 345 200
721 95 110
721 231 60
721 245 110
721 318 170
721 333 60
721 353 110
721 365 70
722 88 160
722 204 20
722 377 30
723 25 160
723 45 190
723 47 40
723 172 160
723 279 120
724 66 150
724 161 160
724 342 10
724 394 50
725 151 200
725 179 60
725 247 140
725 294 200
725 395 150
726 120 190
726 289 60
727 141 60
727 236 160
727 247 80
727 274 130
728 174 190
728 267 100
728 285 100
730 60 130
730 74 140
730 272 200
730 322 80
730 395 190
731 29 50
731 35 200
731 52 20
731 289 90
732 85 190
732 88 60
732 159 160
732 204 190
732 221 180
732 362 110
733 306 190
734 94 120
734 222 10
734 269 70
735 127 180
735 272 160
735 341 60
736 141 110
736 168 140
736 216 180
736 332 90
736 350 100
736 381 110
737 23 40
737 79 70
737 106 10
737 118 40
737 282 190
738 38 120
738 110 100
738 165 50
738 236 70
738 248 130
739 11 50
739 395 100
740 205 180
741 41 140
741 130 10
741 131 90
741 163 110
741 244 80
741 342 40
741 396 30
742 112 200
742 178 160
742 222 130
742 400 190
744 56 170
744 121 200
744 282 190
744 299 90
744 317 120
744 361 40
744 371 80
745 306 180
745 312 120
745 335 40
745 379 190
746 26 180
746 180 10
746 267 100
747 45 70
747 152 40
747 172 180
747 249 30
747 272 60
748 50 90
748 68 50
748 213 180
748 234 30
748 246 170
748 333 170
749 87 190
749 139 90
749 166 140
749 214 100
749 240 160
750 14 120
750 55 20
750 257 130
750 267 80
750 315 110
750 371 60
751 47 150
751 163 190
751 175 160
751 287 140
751 347 140
751 362 150
752 36 120
752 41 100
752 239 140
752 316 100
752 317 100
752 334 110
753 242 200
753 262 100
754 84 190
754 344 110
754 373 110
755 13 130
755 85 150
755 221 60
755 242 40
756 258 50
756 270 200
756 271 150
757 85 140
757 158 40
757 212 100
757 298 110
757 355 40
758 56 10
758 242 190
758 284 140
759 386 20
760 75 170
760 228 60
760 240 80
760 241 160
760 264 200
760 322 70
760 388 50
761 351 20
762 122 190
762 249 170
762 278 200
763 81 160
763 202 170
763 283 50
763 360 180
764 72 140
764 116 30
764 128 190
764 145 50
764 254 170
764 293 170
764 388 80
764 395 100
765 52 160
765 131 100
765 237 40
765 322 170
765 388 120
766 28 150
766 57 110
766 228 40
766 361 80
767 92 120
767 348 160
768 64 30
768 178 160
768 244 160
768 248 100
768 255 160
768 321 170
768 333 40
768 399 80
769 116 90
769 121 20
769 145 140
769 152 90
769 192 30
769 219 10
769 247 180
770 49 200
770 65 170
770 126 100
770 270 100
770 271 60
770 330 190
770 342 110
770 372 100
770 390 20
771 339 150
772 23 160
772 175 20
773 9 70
773 36 50
773 97 100
773 116 110
773 139 200
773 175 60
774 25 180
774 118 110
774 134 170
774 136 120
774 196 160
774 210 10
774 283 20
775 71 20
775 148 20
775 266 110
776 132 150
776 179 70
776 325 150
776 369 160
777 80 70
777 102 90
777 137 120
777 171 180
777 254 50
777 276 10
777 335 150
777 357 190
778 152 160
778 157 150
778 262 180
778 274 30
778 291 190
778 302 140
780 169 70
780 229 60
780 280 190
780 362 40
780 370 150
780 374 30
780 384 190
781 32 70
781 86 10
781 150 170
781 218 80
781 229 50
781 311 30
781 366 110
782 23 70
782 288 170
782 338 120
783 129 70
783 236 70
783 281 90
783 325 150
783 342 50
783 379 40
784 86 130
784 136 170
785 49 70
785 76 180
785 169 90
785 279 130
786 206 50
786 207 30
786 264 80
787 47 20
787 94 20
788 164 180
789 18 160
789 185 60
789 193 120
789 308 150
789 389 30
789 392 10
790 130 160
790 166 170
790 358 170
791 4 20
791 48 200
791 114 40
791 143 100
792 379 60
793 103 170
794 150 80
794 163 130
794 183 130
794 189 40
795 176 40
795 195 60
795 363 120
795 398 130
796 123 140
796 229 180
796 275 140
797 97 160
797 343 110
797 374 70
798 41 50
798 49 150
798 174 50
798 356 200
798 385 70
799 225 180
799 321 90
800 125 180
800 154 170
800 268 140
800 289 150
801 36 170
801 227 180
801 230 150
801 328 50
802 32 150
802 98 50
802 161 180
802 168 200
802 250 170
803 163 170
803 305 180
803 372 40
804 98 40
804 213 10
804 245 150
805 18 100
805 70 10
806 43 40
806 52 150
806 165 40
806 193 180
806 325 20
806 385 170
807 122 70
807 216 60
808 85 90
808 125 180
808 136 10
808 146 180
808 268 80
808 281 30
808 298 30
808 343 150
808 392 90
809 49 150
809 56 180
809 81 180
809 128 150
809 148 130
809 262 190
809 362 80
810 67 150
810 84 20
810 87 130
810 88 70
810 235 130
810 341 170
810 351 30
811 8 10
811 11 200
811 38 150
811 169 20
811 237 100
811 335 180
812 35 130
812 84 60
812 119 90
812 169 80
812 316 160
813 13 130
813 132 120
813 153 200
813 158 160
813 400 160
814 156 160
814 232 50
814 241 90
814 320 200
815 34 160
815 53 30
815 100 50
815 287 80
815 302 60
816 12 200
816 117 50
816 298 70
816 321 170
817 32 30
817 97 30
817 104 40
817 246 120
817 268 10
817 270 10
817 312 50
817 387 30
818 193 40
818 282 70
819 12 90
819 67 20
819 191 60
820 14 190
820 47 160
820 136 170
820 219 80
820 295 190
821 147 110
821 201 60
822 12 50
822 167 180
822 206 100
823 9 160
823 20 10
823 175 130
823 322 40
823 339 20
824 92 150
824 114 190
824 250 160
824 376 80
825 5 20
825 106 60
825 110 50
825 317 80
825 360 200
825 371 40
826 70 140
826 172 30
826 200 110
827 68 30
827 112 100
827 122 170
827 176 130
827 198 150
828 26 190
828 56 180
828 61 70
828 74 80
828 139 10
828 149 100
828 207 140
828 385 200
829 17 10
829 19 80
829 77 170
829 162 140
829 188 180
829 205 110
829 377 130
829 394 30
830 32 80
830 56 110
830 212 160
830 386 10
831 137 50
831 169 110
831 178 150
831 192 190
831 255 80
831 359 180
832 87 100
832 199 20
832 351 130
833 28 70
833 236 50
833 246 120
834 39 110
834 65 20
834 83 40
834 113 30
834 286 150
835 172 110
835 234 160
835 310 120
836 91 140
836 115 190
836 213 40
837 158 70
837 211 60
837 264 160
837 386 90
838 41 10
838 128 80
838 273 80
839 49 80
839 138 70
840 35 130
840 102 90
841 108 60
841 151 190
841 209 180
841 334 40
841 360 20
842 39 190
842 168 130
842 222 10
842 353 60
843 101 10
843 176 180
843 251 20
843 267 70
843 307 170
844 349 50
845 337 20
846 43 10
846 186 180
846 374 200
846 375 100
846 392 140
847 46 190
848 204 100
848 229 50
849 23 30
849 33 190
849 216 40
849 244 100
850 269 10
851 34 160
851 78 140
851 216 90
851 254 70
851 338 190
852 115 10
852 376 120
853 76 50
853 263 170
853 271 190
853 387 70
853 389 30
854 161 30
854 307 70
855 18 40
855 26 70
855 110 200
855 125 170
855 302 110
855 312 130
856 27 190
856 355 100
857 14 70
857 279 110
858 46 180
858 69 170
858 84 200
858 165 200
858 241 90
858 264 20
858 270 140
858 329 150
860 163 60
861 46 100
861 53 60
861 64 90
861 384 110
862 118 20
862 120 70
862 238 200
862 317 130
863 20 190
863 135 30
863 139 70
863 223 100
863 278 70
863 339 170
863 384 80
864 195 150
864 250 140
864 266 100
865 165 80
865 171 160
865 263 20
865 316 160
865 328 120
865 344 100
865 400 40
866 124 70
866 147 140
866 156 140
866 316 150
867 339 10
868 181 100
868 251 30
868 308 160
869 194 110
869 228 140
869 394 30
870 26 100
870 129 80
870 150 200
870 300 30
870 375 190
871 113 40
871 228 40
871 234 120
871 350 190
871 373 80
872 59 110
872 152 100
872 202 140
872 214 110
872 339 60
873 21 190
873 191 200
873 314 110
873 334 120
873 362 120
873 364 140
873 376 180
874 198 190
874 236 40
875 66 60
875 146 90
875 252 100
875 301 150
876 124 100
876 323 30
876 387 60
877 55 50
877 290 110
878 54 50
878 306 110
878 322 180
879 9 30
879 12 170
879 114 60
879 116 70
879 126 180
879 307 170
879 339 180
879 341 30
879 348 70
881 5 80
881 210 140
881 303 160
882 178 110
883 155 160
883 167 120
883 287 10
883 327 120
884 88 100
884 221 140
884 253 180
884 279 110
884 295 150
885 32 30
885 71 140
885 258 10
885 349 40
886 4 10
886 43 60
886 93 170
886 255 90
886 342 200
886 344 30
887 55 50
887 86 130
887 173 190
887 248 130
887 304 150
887 341 30
887 380 10
888 110 120
888 192 20
888 261 70
888 286 170
888 289 130
889 70 200
889 311 70
889 389 150
890 153 110
890 293 20
890 298 180
890 390 80
891 10 10
891 21 150
891 105 80
891 318 110
891 348 40
892 32 170
892 43 110
892 340 20
892 369 30
893 363 180
893 364 80
893 365 140
894 9 20
894 47 130
894 80 10
894 142 20
894 195 10
894 208 170
894 212 100
894 259 10
894 278 60
895 42 10
895 85 60
895 216 60
895 287 130
895 318 70
897 3 180
897 25 150
897 116 20
897 175 100
897 180 130
897 263 150
897 358 140
898 59 50
898 101 200
898 189 50
898 257 110
898 385 170
899 71 80
899 179 140
899 236 110
899 294 110
899 306 180
900 206 70
900 245 90
